0.000000 193.000000
8.000000 0.000000
16.000000 0.000000
24.000000 0.000000
32.000000 0.000000
40.000000 0.000000
48.000000 0.000000
56.000000 3.000000
64.000000 2.000000
72.000000 0.000000
80.000000 0.000000
88.000000 1.000000
96.000000 0.000000
104.000000 0.000000
112.000000 2.000000
120.000000 2.000000
128.000000 2.000000
136.000000 2.000000
144.000000 2.000000
152.000000 1.000000
160.000000 4.000000
168.000000 0.000000
176.000000 5.000000
184.000000 2.000000
192.000000 0.000000
200.000000 3.000000
208.000000 7.000000
216.000000 1.000000
224.000000 3.000000
232.000000 2.000000
240.000000 1.000000
248.000000 6.000000
256.000000 1.000000
264.000000 3.000000
272.000000 1.000000
280.000000 3.000000
288.000000 1.000000
296.000000 1.000000
304.000000 1.000000
312.000000 3.000000
320.000000 1.000000
328.000000 2.000000
336.000000 3.000000
344.000000 1.000000
352.000000 1.000000
360.000000 2.000000
368.000000 4.000000
376.000000 12.000000
384.000000 1.000000
392.000000 0.000000
400.000000 3.000000
408.000000 1.000000
416.000000 2.000000
424.000000 2.000000
432.000000 5.000000
440.000000 6.000000
448.000000 4.000000
456.000000 2.000000
464.000000 3.000000
472.000000 0.000000
480.000000 3.000000
488.000000 3.000000
496.000000 6.000000
504.000000 5.000000
512.000000 3.000000
520.000000 2.000000
528.000000 2.000000
536.000000 2.000000
544.000000 1.000000
552.000000 5.000000
560.000000 1.000000
568.000000 3.000000
576.000000 1.000000
584.000000 1.000000
592.000000 2.000000
600.000000 2.000000
608.000000 6.000000
616.000000 1.000000
624.000000 3.000000
632.000000 4.000000
640.000000 2.000000
648.000000 3.000000
656.000000 3.000000
664.000000 0.000000
672.000000 1.000000
680.000000 1.000000
688.000000 2.000000
696.000000 1.000000
704.000000 2.000000
712.000000 6.000000
720.000000 6.000000
728.000000 4.000000
736.000000 0.000000
744.000000 1.000000
752.000000 7.000000
760.000000 7.000000
768.000000 4.000000
776.000000 12.000000
784.000000 5.000000
792.000000 2.000000
800.000000 3.000000
808.000000 1.000000
816.000000 4.000000
824.000000 5.000000
832.000000 2.000000
840.000000 5.000000
848.000000 11.000000
856.000000 1.000000
864.000000 0.000000
872.000000 3.000000
880.000000 3.000000
888.000000 4.000000
896.000000 3.000000
904.000000 1.000000
912.000000 0.000000
920.000000 3.000000
928.000000 4.000000
936.000000 2.000000
944.000000 6.000000
952.000000 0.000000
960.000000 1.000000
968.000000 4.000000
976.000000 2.000000
984.000000 3.000000
992.000000 3.000000
1000.000000 5.000000
1008.000000 5.000000
1016.000000 7.000000
1024.000000 2.000000
1032.000000 3.000000
1040.000000 2.000000
1048.000000 3.000000
1056.000000 2.000000
1064.000000 12.000000
1072.000000 5.000000
1080.000000 2.000000
1088.000000 2.000000
1096.000000 1.000000
1104.000000 3.000000
1112.000000 6.000000
1120.000000 3.000000
1128.000000 2.000000
1136.000000 3.000000
1144.000000 4.000000
1152.000000 1.000000
1160.000000 3.000000
1168.000000 4.000000
1176.000000 1.000000
1184.000000 3.000000
1192.000000 2.000000
1200.000000 1.000000
1208.000000 3.000000
1216.000000 0.000000
1224.000000 1.000000
1232.000000 1.000000
1240.000000 2.000000
1248.000000 6.000000
1256.000000 3.000000
1264.000000 1.000000
1272.000000 3.000000
1280.000000 6.000000
1288.000000 56.000000
1296.000000 5.000000
1304.000000 2.000000
1312.000000 3.000000
1320.000000 3.000000
1328.000000 3.000000
1336.000000 0.000000
1344.000000 1.000000
1352.000000 0.000000
1360.000000 2.000000
1368.000000 0.000000
1376.000000 2.000000
1384.000000 1.000000
1392.000000 1.000000
1400.000000 2.000000
1408.000000 2.000000
1416.000000 2.000000
1424.000000 1.000000
1432.000000 0.000000
1440.000000 2.000000
1448.000000 3.000000
1456.000000 0.000000
1464.000000 1.000000
1472.000000 2.000000
1480.000000 3.000000
1488.000000 1.000000
1496.000000 1.000000
1504.000000 3.000000
1512.000000 1.000000
1520.000000 0.000000
1528.000000 27.000000
1536.000000 13.000000
1544.000000 1.000000
1552.000000 0.000000
1560.000000 1.000000
1568.000000 6.000000
1576.000000 15.000000
1584.000000 1.000000
1592.000000 1.000000
1600.000000 5.000000
1608.000000 14.000000
1616.000000 1.000000
1624.000000 3.000000
1632.000000 3.000000
1640.000000 1.000000
1648.000000 2.000000
1656.000000 2.000000
1664.000000 1.000000
1672.000000 3.000000
1680.000000 1.000000
1688.000000 0.000000
1696.000000 0.000000
1704.000000 3.000000
1712.000000 2.000000
1720.000000 1.000000
1728.000000 0.000000
1736.000000 1.000000
1744.000000 1.000000
1752.000000 2.000000
1760.000000 1.000000
1768.000000 3.000000
1776.000000 2.000000
1784.000000 0.000000
1792.000000 2.000000
1800.000000 0.000000
1808.000000 0.000000
1816.000000 1.000000
1824.000000 0.000000
1832.000000 1.000000
1840.000000 1.000000
1848.000000 1.000000
1856.000000 1.000000
1864.000000 0.000000
1872.000000 0.000000
1880.000000 0.000000
1888.000000 0.000000
1896.000000 1.000000
1904.000000 0.000000
1912.000000 1.000000
1920.000000 0.000000
1928.000000 0.000000
1936.000000 0.000000
1944.000000 13.000000
1952.000000 4.000000
1960.000000 3.000000
1968.000000 0.000000
1976.000000 0.000000
1984.000000 1.000000
1992.000000 2.000000
2000.000000 1.000000
2008.000000 2.000000
2016.000000 3.000000
2024.000000 0.000000
2032.000000 1.000000
2040.000000 1.000000
2048.000000 2.000000
2056.000000 1.000000
2064.000000 1.000000
2072.000000 1.000000
2080.000000 0.000000
2088.000000 1.000000
2096.000000 0.000000
2104.000000 2.000000
2112.000000 1.000000
2120.000000 1.000000
2128.000000 2.000000
2136.000000 0.000000
2144.000000 1.000000
2152.000000 1.000000
2160.000000 0.000000
2168.000000 1.000000
2176.000000 0.000000
2184.000000 1.000000
2192.000000 2.000000
2200.000000 1.000000
2208.000000 1.000000
2216.000000 0.000000
2224.000000 2.000000
2232.000000 0.000000
2240.000000 1.000000
2248.000000 1.000000
2256.000000 0.000000
2264.000000 0.000000
2272.000000 0.000000
2280.000000 1.000000
2288.000000 0.000000
2296.000000 0.000000
2304.000000 0.000000
2312.000000 4.000000
2320.000000 4.000000
2328.000000 0.000000
2336.000000 2.000000
2344.000000 1.000000
2352.000000 3.000000
2360.000000 5.000000
2368.000000 3.000000
2376.000000 2.000000
2384.000000 3.000000
2392.000000 0.000000
2400.000000 2.000000
2408.000000 1.000000
2416.000000 0.000000
2424.000000 0.000000
2432.000000 1.000000
2440.000000 0.000000
2448.000000 0.000000
2456.000000 0.000000
2464.000000 0.000000
2472.000000 0.000000
2480.000000 1.000000
2488.000000 1.000000
2496.000000 0.000000
2504.000000 0.000000
2512.000000 1.000000
2520.000000 0.000000
2528.000000 0.000000
2536.000000 0.000000
2544.000000 1.000000
2552.000000 1.000000
2560.000000 0.000000
2568.000000 2.000000
2576.000000 3.000000
2584.000000 0.000000
2592.000000 0.000000
2600.000000 0.000000
2608.000000 3.000000
2616.000000 2.000000
2624.000000 1.000000
2632.000000 1.000000
2640.000000 1.000000
2648.000000 0.000000
2656.000000 0.000000
2664.000000 2.000000
2672.000000 0.000000
2680.000000 3.000000
2688.000000 0.000000
2696.000000 0.000000
2704.000000 1.000000
2712.000000 0.000000
2720.000000 0.000000
2728.000000 0.000000
2736.000000 1.000000
2744.000000 2.000000
2752.000000 1.000000
2760.000000 1.000000
2768.000000 0.000000
2776.000000 1.000000
2784.000000 0.000000
2792.000000 1.000000
2800.000000 3.000000
2808.000000 0.000000
2816.000000 1.000000
2824.000000 0.000000
2832.000000 1.000000
2840.000000 0.000000
2848.000000 0.000000
2856.000000 0.000000
2864.000000 1.000000
2872.000000 0.000000
2880.000000 1.000000
2888.000000 0.000000
2896.000000 0.000000
2904.000000 1.000000
2912.000000 0.000000
2920.000000 1.000000
2928.000000 0.000000
2936.000000 0.000000
2944.000000 0.000000
2952.000000 2.000000
2960.000000 1.000000
2968.000000 0.000000
2976.000000 1.000000
2984.000000 1.000000
2992.000000 1.000000
3000.000000 0.000000
3008.000000 0.000000
3016.000000 0.000000
3024.000000 7.000000
3032.000000 1.000000
3040.000000 0.000000
3048.000000 0.000000
3056.000000 0.000000
3064.000000 0.000000
3072.000000 0.000000
3080.000000 0.000000
3088.000000 0.000000
3096.000000 0.000000
3104.000000 0.000000
3112.000000 0.000000
3120.000000 0.000000
3128.000000 1.000000
3136.000000 2.000000
3144.000000 0.000000
3152.000000 0.000000
3160.000000 0.000000
3168.000000 0.000000
3176.000000 0.000000
3184.000000 0.000000
3192.000000 0.000000
3200.000000 0.000000
3208.000000 0.000000
3216.000000 0.000000
3224.000000 0.000000
3232.000000 0.000000
3240.000000 0.000000
3248.000000 0.000000
3256.000000 3.000000
3264.000000 0.000000
3272.000000 0.000000
3280.000000 0.000000
3288.000000 1.000000
3296.000000 0.000000
3304.000000 1.000000
3312.000000 0.000000
3320.000000 0.000000
3328.000000 0.000000
3336.000000 0.000000
3344.000000 1.000000
3352.000000 0.000000
3360.000000 0.000000
3368.000000 0.000000
3376.000000 0.000000
3384.000000 0.000000
3392.000000 0.000000
3400.000000 0.000000
3408.000000 0.000000
3416.000000 0.000000
3424.000000 1.000000
3432.000000 0.000000
3440.000000 0.000000
3448.000000 0.000000
3456.000000 0.000000
3464.000000 1.000000
3472.000000 1.000000
3480.000000 0.000000
3488.000000 0.000000
3496.000000 0.000000
3504.000000 0.000000
3512.000000 0.000000
3520.000000 1.000000
3528.000000 0.000000
3536.000000 0.000000
3544.000000 0.000000
3552.000000 0.000000
3560.000000 0.000000
3568.000000 1.000000
3576.000000 2.000000
3584.000000 0.000000
3592.000000 1.000000
3600.000000 0.000000
3608.000000 1.000000
3616.000000 0.000000
3624.000000 0.000000
3632.000000 0.000000
3640.000000 0.000000
3648.000000 0.000000
3656.000000 0.000000
3664.000000 0.000000
3672.000000 0.000000
3680.000000 1.000000
3688.000000 0.000000
3696.000000 1.000000
3704.000000 0.000000
3712.000000 0.000000
3720.000000 0.000000
3728.000000 0.000000
3736.000000 0.000000
3744.000000 0.000000
3752.000000 0.000000
3760.000000 2.000000
3768.000000 1.000000
3776.000000 0.000000
3784.000000 1.000000
3792.000000 0.000000
3800.000000 0.000000
3808.000000 0.000000
3816.000000 0.000000
3824.000000 0.000000
3832.000000 1.000000
3840.000000 0.000000
3848.000000 1.000000
3856.000000 0.000000
3864.000000 0.000000
3872.000000 0.000000
3880.000000 0.000000
3888.000000 1.000000
3896.000000 1.000000
3904.000000 0.000000
3912.000000 0.000000
3920.000000 0.000000
3928.000000 0.000000
3936.000000 0.000000
3944.000000 0.000000
3952.000000 0.000000
3960.000000 0.000000
3968.000000 0.000000
3976.000000 0.000000
3984.000000 0.000000
3992.000000 0.000000
