0.000000 0.000000
0.010000 0.000000
0.020000 0.000000
0.030000 0.000000
0.040000 0.000000
0.050000 34.000000
0.060000 662.000000
0.070000 7184.000000
0.080000 28034.000000
0.090000 148724.000000
0.100000 322322.000000
0.110000 393250.000000
0.120000 376199.000000
0.130000 375936.000000
0.140000 380112.000000
0.150000 352544.000000
0.160000 382971.000000
0.170000 471656.000000
0.180000 511441.000000
0.190000 535710.000000
0.200000 432806.000000
0.210000 236488.000000
0.220000 119663.000000
0.230000 62614.000000
0.240000 39658.000000
0.250000 23960.000000
0.260000 17244.000000
0.270000 13969.000000
0.280000 11701.000000
0.290000 9738.000000
0.300000 8400.000000
0.310000 7465.000000
0.320000 7004.000000
0.330000 6533.000000
0.340000 5990.000000
0.350000 5513.000000
0.360000 5329.000000
0.370000 4891.000000
0.380000 4647.000000
0.390000 4424.000000
0.400000 4012.000000
0.410000 3819.000000
0.420000 3471.000000
0.430000 3225.000000
0.440000 2873.000000
0.450000 2591.000000
0.460000 2346.000000
0.470000 2156.000000
0.480000 1929.000000
0.490000 1846.000000
0.500000 1821.000000
0.510000 1866.000000
0.520000 1799.000000
0.530000 1780.000000
0.540000 1753.000000
0.550000 1800.000000
0.560000 1694.000000
0.570000 1612.000000
0.580000 1694.000000
0.590000 1618.000000
0.600000 1628.000000
0.610000 1522.000000
0.620000 1559.000000
0.630000 1528.000000
0.640000 1446.000000
0.650000 1478.000000
0.660000 1405.000000
0.670000 1400.000000
0.680000 1388.000000
0.690000 1350.000000
0.700000 1383.000000
0.710000 1448.000000
0.720000 1450.000000
0.730000 1441.000000
0.740000 1456.000000
0.750000 1579.000000
0.760000 1584.000000
0.770000 1680.000000
0.780000 1716.000000
0.790000 1752.000000
0.800000 1951.000000
0.810000 2106.000000
0.820000 2171.000000
0.830000 2302.000000
0.840000 2685.000000
0.850000 2931.000000
0.860000 3296.000000
0.870000 3819.000000
0.880000 9748.000000
0.890000 8191.000000
0.900000 8033.000000
0.910000 8574.000000
0.920000 4542.000000
0.930000 951.000000
0.940000 0.000000
0.950000 0.000000
0.960000 0.000000
0.970000 0.000000
0.980000 0.000000
0.990000 0.000000
