0.000000 0.000000
0.010000 0.000000
0.020000 0.000000
0.030000 0.000000
0.040000 0.000000
0.050000 0.000000
0.060000 3.000000
0.070000 51.000000
0.080000 178.000000
0.090000 677.000000
0.100000 1462.000000
0.110000 1876.000000
0.120000 1859.000000
0.130000 1956.000000
0.140000 1986.000000
0.150000 1791.000000
0.160000 1927.000000
0.170000 2442.000000
0.180000 2701.000000
0.190000 3016.000000
0.200000 2525.000000
0.210000 1525.000000
0.220000 847.000000
0.230000 464.000000
0.240000 324.000000
0.250000 244.000000
0.260000 178.000000
0.270000 171.000000
0.280000 139.000000
0.290000 140.000000
0.300000 120.000000
0.310000 118.000000
0.320000 126.000000
0.330000 105.000000
0.340000 125.000000
0.350000 120.000000
0.360000 109.000000
0.370000 108.000000
0.380000 102.000000
0.390000 86.000000
0.400000 85.000000
0.410000 95.000000
0.420000 113.000000
0.430000 107.000000
0.440000 77.000000
0.450000 76.000000
0.460000 86.000000
0.470000 71.000000
0.480000 65.000000
0.490000 86.000000
0.500000 68.000000
0.510000 61.000000
0.520000 77.000000
0.530000 64.000000
0.540000 65.000000
0.550000 69.000000
0.560000 72.000000
0.570000 75.000000
0.580000 80.000000
0.590000 71.000000
0.600000 73.000000
0.610000 71.000000
0.620000 84.000000
0.630000 57.000000
0.640000 72.000000
0.650000 71.000000
0.660000 72.000000
0.670000 85.000000
0.680000 61.000000
0.690000 82.000000
0.700000 84.000000
0.710000 82.000000
0.720000 83.000000
0.730000 85.000000
0.740000 73.000000
0.750000 97.000000
0.760000 89.000000
0.770000 102.000000
0.780000 119.000000
0.790000 129.000000
0.800000 146.000000
0.810000 161.000000
0.820000 181.000000
0.830000 194.000000
0.840000 210.000000
0.850000 227.000000
0.860000 286.000000
0.870000 327.000000
0.880000 887.000000
0.890000 804.000000
0.900000 895.000000
0.910000 1064.000000
0.920000 645.000000
0.930000 138.000000
0.940000 0.000000
0.950000 0.000000
0.960000 0.000000
0.970000 0.000000
0.980000 0.000000
0.990000 0.000000
