0.000000 0.000000
0.010000 0.000000
0.020000 0.000000
0.030000 0.000000
0.040000 0.000000
0.050000 1.000000
0.060000 74.000000
0.070000 1125.000000
0.080000 2714.000000
0.090000 6837.000000
0.100000 11294.000000
0.110000 12711.000000
0.120000 12863.000000
0.130000 12009.000000
0.140000 12299.000000
0.150000 11928.000000
0.160000 12226.000000
0.170000 14513.000000
0.180000 16199.000000
0.190000 16961.000000
0.200000 13936.000000
0.210000 8214.000000
0.220000 4528.000000
0.230000 2409.000000
0.240000 1688.000000
0.250000 1171.000000
0.260000 845.000000
0.270000 693.000000
0.280000 584.000000
0.290000 503.000000
0.300000 453.000000
0.310000 427.000000
0.320000 423.000000
0.330000 356.000000
0.340000 339.000000
0.350000 367.000000
0.360000 338.000000
0.370000 331.000000
0.380000 265.000000
0.390000 249.000000
0.400000 223.000000
0.410000 245.000000
0.420000 248.000000
0.430000 222.000000
0.440000 191.000000
0.450000 156.000000
0.460000 163.000000
0.470000 168.000000
0.480000 153.000000
0.490000 110.000000
0.500000 118.000000
0.510000 133.000000
0.520000 132.000000
0.530000 152.000000
0.540000 128.000000
0.550000 133.000000
0.560000 124.000000
0.570000 131.000000
0.580000 119.000000
0.590000 112.000000
0.600000 142.000000
0.610000 118.000000
0.620000 146.000000
0.630000 112.000000
0.640000 116.000000
0.650000 129.000000
0.660000 135.000000
0.670000 121.000000
0.680000 111.000000
0.690000 117.000000
0.700000 126.000000
0.710000 110.000000
0.720000 127.000000
0.730000 143.000000
0.740000 151.000000
0.750000 143.000000
0.760000 146.000000
0.770000 130.000000
0.780000 168.000000
0.790000 201.000000
0.800000 205.000000
0.810000 200.000000
0.820000 216.000000
0.830000 263.000000
0.840000 281.000000
0.850000 338.000000
0.860000 379.000000
0.870000 502.000000
0.880000 1314.000000
0.890000 1157.000000
0.900000 970.000000
0.910000 1378.000000
0.920000 749.000000
0.930000 220.000000
0.940000 0.000000
0.950000 0.000000
0.960000 0.000000
0.970000 0.000000
0.980000 0.000000
0.990000 0.000000
