0.000000 0.000000
0.010000 0.000000
0.020000 0.000000
0.030000 0.000000
0.040000 0.000000
0.050000 1.000000
0.060000 15.000000
0.070000 615.000000
0.080000 1657.000000
0.090000 2922.000000
0.100000 3515.000000
0.110000 4333.000000
0.120000 4185.000000
0.130000 3759.000000
0.140000 3139.000000
0.150000 2524.000000
0.160000 2709.000000
0.170000 3296.000000
0.180000 3586.000000
0.190000 3813.000000
0.200000 3003.000000
0.210000 1722.000000
0.220000 939.000000
0.230000 443.000000
0.240000 351.000000
0.250000 196.000000
0.260000 180.000000
0.270000 129.000000
0.280000 104.000000
0.290000 102.000000
0.300000 105.000000
0.310000 73.000000
0.320000 91.000000
0.330000 62.000000
0.340000 58.000000
0.350000 49.000000
0.360000 67.000000
0.370000 61.000000
0.380000 47.000000
0.390000 49.000000
0.400000 36.000000
0.410000 41.000000
0.420000 33.000000
0.430000 24.000000
0.440000 28.000000
0.450000 31.000000
0.460000 16.000000
0.470000 26.000000
0.480000 23.000000
0.490000 16.000000
0.500000 22.000000
0.510000 15.000000
0.520000 21.000000
0.530000 20.000000
0.540000 18.000000
0.550000 12.000000
0.560000 13.000000
0.570000 14.000000
0.580000 21.000000
0.590000 16.000000
0.600000 15.000000
0.610000 17.000000
0.620000 15.000000
0.630000 17.000000
0.640000 13.000000
0.650000 11.000000
0.660000 19.000000
0.670000 6.000000
0.680000 12.000000
0.690000 9.000000
0.700000 8.000000
0.710000 13.000000
0.720000 9.000000
0.730000 11.000000
0.740000 11.000000
0.750000 9.000000
0.760000 10.000000
0.770000 11.000000
0.780000 9.000000
0.790000 14.000000
0.800000 12.000000
0.810000 16.000000
0.820000 21.000000
0.830000 14.000000
0.840000 9.000000
0.850000 14.000000
0.860000 29.000000
0.870000 27.000000
0.880000 74.000000
0.890000 52.000000
0.900000 66.000000
0.910000 39.000000
0.920000 27.000000
0.930000 5.000000
0.940000 0.000000
0.950000 0.000000
0.960000 0.000000
0.970000 0.000000
0.980000 0.000000
0.990000 0.000000
