0.000000 0.000000
0.010000 0.000000
0.020000 0.000000
0.030000 0.000000
0.040000 0.000000
0.050000 0.000000
0.060000 27.000000
0.070000 175.000000
0.080000 725.000000
0.090000 2242.000000
0.100000 3585.000000
0.110000 3354.000000
0.120000 2796.000000
0.130000 2368.000000
0.140000 2172.000000
0.150000 1713.000000
0.160000 1260.000000
0.170000 1096.000000
0.180000 912.000000
0.190000 827.000000
0.200000 738.000000
0.210000 553.000000
0.220000 389.000000
0.230000 274.000000
0.240000 163.000000
0.250000 73.000000
0.260000 24.000000
0.270000 25.000000
0.280000 19.000000
0.290000 14.000000
0.300000 18.000000
0.310000 9.000000
0.320000 19.000000
0.330000 14.000000
0.340000 11.000000
0.350000 9.000000
0.360000 10.000000
0.370000 9.000000
0.380000 11.000000
0.390000 11.000000
0.400000 6.000000
0.410000 9.000000
0.420000 10.000000
0.430000 8.000000
0.440000 10.000000
0.450000 6.000000
0.460000 5.000000
0.470000 4.000000
0.480000 4.000000
0.490000 2.000000
0.500000 4.000000
0.510000 4.000000
0.520000 2.000000
0.530000 4.000000
0.540000 5.000000
0.550000 6.000000
0.560000 4.000000
0.570000 4.000000
0.580000 2.000000
0.590000 7.000000
0.600000 2.000000
0.610000 4.000000
0.620000 6.000000
0.630000 2.000000
0.640000 6.000000
0.650000 5.000000
0.660000 0.000000
0.670000 5.000000
0.680000 1.000000
0.690000 2.000000
0.700000 2.000000
0.710000 1.000000
0.720000 1.000000
0.730000 4.000000
0.740000 7.000000
0.750000 4.000000
0.760000 2.000000
0.770000 1.000000
0.780000 4.000000
0.790000 1.000000
0.800000 6.000000
0.810000 1.000000
0.820000 7.000000
0.830000 5.000000
0.840000 9.000000
0.850000 5.000000
0.860000 3.000000
0.870000 10.000000
0.880000 10.000000
0.890000 9.000000
0.900000 12.000000
0.910000 11.000000
0.920000 5.000000
0.930000 2.000000
0.940000 0.000000
0.950000 0.000000
0.960000 0.000000
0.970000 0.000000
0.980000 0.000000
0.990000 0.000000
