0.000000 0.000000
0.010000 0.000000
0.020000 0.000000
0.030000 0.000000
0.040000 0.000000
0.050000 10.000000
0.060000 143.000000
0.070000 1442.000000
0.080000 5385.000000
0.090000 21895.000000
0.100000 41939.000000
0.110000 46883.000000
0.120000 41195.000000
0.130000 38219.000000
0.140000 35821.000000
0.150000 30620.000000
0.160000 30540.000000
0.170000 35871.000000
0.180000 37678.000000
0.190000 38273.000000
0.200000 29720.000000
0.210000 16048.000000
0.220000 7705.000000
0.230000 3866.000000
0.240000 2471.000000
0.250000 1465.000000
0.260000 1091.000000
0.270000 902.000000
0.280000 781.000000
0.290000 658.000000
0.300000 605.000000
0.310000 505.000000
0.320000 437.000000
0.330000 409.000000
0.340000 380.000000
0.350000 335.000000
0.360000 361.000000
0.370000 333.000000
0.380000 293.000000
0.390000 297.000000
0.400000 252.000000
0.410000 243.000000
0.420000 215.000000
0.430000 215.000000
0.440000 190.000000
0.450000 133.000000
0.460000 134.000000
0.470000 120.000000
0.480000 125.000000
0.490000 104.000000
0.500000 122.000000
0.510000 99.000000
0.520000 110.000000
0.530000 107.000000
0.540000 110.000000
0.550000 94.000000
0.560000 93.000000
0.570000 87.000000
0.580000 104.000000
0.590000 98.000000
0.600000 83.000000
0.610000 80.000000
0.620000 77.000000
0.630000 86.000000
0.640000 72.000000
0.650000 89.000000
0.660000 66.000000
0.670000 65.000000
0.680000 59.000000
0.690000 71.000000
0.700000 55.000000
0.710000 58.000000
0.720000 65.000000
0.730000 71.000000
0.740000 69.000000
0.750000 71.000000
0.760000 58.000000
0.770000 58.000000
0.780000 60.000000
0.790000 68.000000
0.800000 73.000000
0.810000 85.000000
0.820000 88.000000
0.830000 85.000000
0.840000 73.000000
0.850000 102.000000
0.860000 114.000000
0.870000 141.000000
0.880000 262.000000
0.890000 244.000000
0.900000 224.000000
0.910000 203.000000
0.920000 139.000000
0.930000 33.000000
0.940000 0.000000
0.950000 0.000000
0.960000 0.000000
0.970000 0.000000
0.980000 0.000000
0.990000 0.000000
