0.000000 0.000000
0.010000 0.000000
0.020000 0.000000
0.030000 0.000000
0.040000 0.000000
0.050000 1.000000
0.060000 35.000000
0.070000 828.000000
0.080000 1543.000000
0.090000 2372.000000
0.100000 2813.000000
0.110000 3245.000000
0.120000 3498.000000
0.130000 3064.000000
0.140000 2898.000000
0.150000 2785.000000
0.160000 2963.000000
0.170000 3389.000000
0.180000 3823.000000
0.190000 3888.000000
0.200000 3274.000000
0.210000 1949.000000
0.220000 1177.000000
0.230000 663.000000
0.240000 515.000000
0.250000 355.000000
0.260000 261.000000
0.270000 223.000000
0.280000 189.000000
0.290000 162.000000
0.300000 150.000000
0.310000 115.000000
0.320000 129.000000
0.330000 122.000000
0.340000 92.000000
0.350000 125.000000
0.360000 119.000000
0.370000 98.000000
0.380000 85.000000
0.390000 87.000000
0.400000 60.000000
0.410000 70.000000
0.420000 77.000000
0.430000 60.000000
0.440000 45.000000
0.450000 38.000000
0.460000 50.000000
0.470000 36.000000
0.480000 37.000000
0.490000 31.000000
0.500000 35.000000
0.510000 41.000000
0.520000 43.000000
0.530000 34.000000
0.540000 43.000000
0.550000 22.000000
0.560000 35.000000
0.570000 34.000000
0.580000 38.000000
0.590000 24.000000
0.600000 40.000000
0.610000 21.000000
0.620000 32.000000
0.630000 31.000000
0.640000 23.000000
0.650000 31.000000
0.660000 32.000000
0.670000 27.000000
0.680000 17.000000
0.690000 22.000000
0.700000 23.000000
0.710000 17.000000
0.720000 17.000000
0.730000 29.000000
0.740000 28.000000
0.750000 21.000000
0.760000 24.000000
0.770000 26.000000
0.780000 24.000000
0.790000 32.000000
0.800000 26.000000
0.810000 23.000000
0.820000 25.000000
0.830000 22.000000
0.840000 33.000000
0.850000 33.000000
0.860000 34.000000
0.870000 51.000000
0.880000 103.000000
0.890000 77.000000
0.900000 62.000000
0.910000 56.000000
0.920000 32.000000
0.930000 8.000000
0.940000 0.000000
0.950000 0.000000
0.960000 0.000000
0.970000 0.000000
0.980000 0.000000
0.990000 0.000000
