0.000000 0.000000
0.010000 0.000000
0.020000 0.000000
0.030000 0.000000
0.040000 0.000000
0.050000 6.000000
0.060000 111.000000
0.070000 603.000000
0.080000 2778.000000
0.090000 10263.000000
0.100000 16637.000000
0.110000 15993.000000
0.120000 11946.000000
0.130000 9466.000000
0.140000 8254.000000
0.150000 6271.000000
0.160000 4455.000000
0.170000 3621.000000
0.180000 3006.000000
0.190000 2607.000000
0.200000 2230.000000
0.210000 1652.000000
0.220000 1123.000000
0.230000 819.000000
0.240000 432.000000
0.250000 172.000000
0.260000 90.000000
0.270000 81.000000
0.280000 74.000000
0.290000 61.000000
0.300000 60.000000
0.310000 50.000000
0.320000 45.000000
0.330000 47.000000
0.340000 40.000000
0.350000 37.000000
0.360000 25.000000
0.370000 37.000000
0.380000 31.000000
0.390000 28.000000
0.400000 20.000000
0.410000 22.000000
0.420000 24.000000
0.430000 35.000000
0.440000 24.000000
0.450000 12.000000
0.460000 27.000000
0.470000 17.000000
0.480000 20.000000
0.490000 10.000000
0.500000 23.000000
0.510000 11.000000
0.520000 17.000000
0.530000 12.000000
0.540000 15.000000
0.550000 16.000000
0.560000 22.000000
0.570000 18.000000
0.580000 15.000000
0.590000 16.000000
0.600000 10.000000
0.610000 5.000000
0.620000 9.000000
0.630000 18.000000
0.640000 14.000000
0.650000 16.000000
0.660000 13.000000
0.670000 17.000000
0.680000 6.000000
0.690000 14.000000
0.700000 11.000000
0.710000 10.000000
0.720000 9.000000
0.730000 16.000000
0.740000 13.000000
0.750000 17.000000
0.760000 9.000000
0.770000 12.000000
0.780000 6.000000
0.790000 8.000000
0.800000 18.000000
0.810000 14.000000
0.820000 15.000000
0.830000 16.000000
0.840000 13.000000
0.850000 13.000000
0.860000 29.000000
0.870000 36.000000
0.880000 23.000000
0.890000 31.000000
0.900000 36.000000
0.910000 51.000000
0.920000 33.000000
0.930000 12.000000
0.940000 0.000000
0.950000 0.000000
0.960000 0.000000
0.970000 0.000000
0.980000 0.000000
0.990000 0.000000
