0.000000 0.000000
0.010000 0.000000
0.020000 0.000000
0.030000 0.000000
0.040000 0.000000
0.050000 0.000000
0.060000 5.000000
0.070000 64.000000
0.080000 245.000000
0.090000 1654.000000
0.100000 3810.000000
0.110000 4703.000000
0.120000 5103.000000
0.130000 5095.000000
0.140000 5619.000000
0.150000 5729.000000
0.160000 6038.000000
0.170000 7626.000000
0.180000 8614.000000
0.190000 8995.000000
0.200000 7162.000000
0.210000 3994.000000
0.220000 1930.000000
0.230000 926.000000
0.240000 643.000000
0.250000 443.000000
0.260000 347.000000
0.270000 264.000000
0.280000 226.000000
0.290000 185.000000
0.300000 143.000000
0.310000 163.000000
0.320000 141.000000
0.330000 127.000000
0.340000 107.000000
0.350000 105.000000
0.360000 91.000000
0.370000 108.000000
0.380000 73.000000
0.390000 72.000000
0.400000 62.000000
0.410000 68.000000
0.420000 61.000000
0.430000 61.000000
0.440000 45.000000
0.450000 30.000000
0.460000 32.000000
0.470000 36.000000
0.480000 41.000000
0.490000 26.000000
0.500000 21.000000
0.510000 27.000000
0.520000 28.000000
0.530000 25.000000
0.540000 24.000000
0.550000 29.000000
0.560000 26.000000
0.570000 26.000000
0.580000 18.000000
0.590000 20.000000
0.600000 22.000000
0.610000 24.000000
0.620000 27.000000
0.630000 14.000000
0.640000 19.000000
0.650000 19.000000
0.660000 15.000000
0.670000 16.000000
0.680000 25.000000
0.690000 17.000000
0.700000 22.000000
0.710000 9.000000
0.720000 18.000000
0.730000 13.000000
0.740000 26.000000
0.750000 15.000000
0.760000 15.000000
0.770000 9.000000
0.780000 15.000000
0.790000 19.000000
0.800000 17.000000
0.810000 20.000000
0.820000 12.000000
0.830000 22.000000
0.840000 18.000000
0.850000 30.000000
0.860000 27.000000
0.870000 26.000000
0.880000 72.000000
0.890000 43.000000
0.900000 40.000000
0.910000 31.000000
0.920000 26.000000
0.930000 2.000000
0.940000 0.000000
0.950000 0.000000
0.960000 0.000000
0.970000 0.000000
0.980000 0.000000
0.990000 0.000000
