0.000000 0.000000
0.010000 0.000000
0.020000 0.000000
0.030000 0.000000
0.040000 0.000000
0.050000 3.000000
0.060000 17.000000
0.070000 224.000000
0.080000 950.000000
0.090000 8710.000000
0.100000 21787.000000
0.110000 26557.000000
0.120000 25064.000000
0.130000 24994.000000
0.140000 24428.000000
0.150000 21825.000000
0.160000 23376.000000
0.170000 28954.000000
0.180000 31086.000000
0.190000 31853.000000
0.200000 24487.000000
0.210000 12674.000000
0.220000 5643.000000
0.230000 2604.000000
0.240000 1688.000000
0.250000 1097.000000
0.260000 821.000000
0.270000 692.000000
0.280000 603.000000
0.290000 495.000000
0.300000 440.000000
0.310000 382.000000
0.320000 301.000000
0.330000 300.000000
0.340000 282.000000
0.350000 249.000000
0.360000 269.000000
0.370000 235.000000
0.380000 215.000000
0.390000 220.000000
0.400000 196.000000
0.410000 180.000000
0.420000 158.000000
0.430000 156.000000
0.440000 138.000000
0.450000 90.000000
0.460000 91.000000
0.470000 77.000000
0.480000 82.000000
0.490000 78.000000
0.500000 77.000000
0.510000 73.000000
0.520000 72.000000
0.530000 75.000000
0.540000 77.000000
0.550000 66.000000
0.560000 58.000000
0.570000 55.000000
0.580000 68.000000
0.590000 66.000000
0.600000 58.000000
0.610000 58.000000
0.620000 53.000000
0.630000 51.000000
0.640000 45.000000
0.650000 62.000000
0.660000 34.000000
0.670000 42.000000
0.680000 41.000000
0.690000 48.000000
0.700000 36.000000
0.710000 35.000000
0.720000 47.000000
0.730000 44.000000
0.740000 45.000000
0.750000 45.000000
0.760000 39.000000
0.770000 35.000000
0.780000 45.000000
0.790000 46.000000
0.800000 43.000000
0.810000 55.000000
0.820000 52.000000
0.830000 55.000000
0.840000 51.000000
0.850000 75.000000
0.860000 56.000000
0.870000 78.000000
0.880000 165.000000
0.890000 161.000000
0.900000 122.000000
0.910000 113.000000
0.920000 79.000000
0.930000 16.000000
0.940000 0.000000
0.950000 0.000000
0.960000 0.000000
0.970000 0.000000
0.980000 0.000000
0.990000 0.000000
