0.000000 0.000000
0.010000 0.000000
0.020000 0.000000
0.030000 0.000000
0.040000 0.000000
0.050000 0.000000
0.060000 7.000000
0.070000 58.000000
0.080000 201.000000
0.090000 569.000000
0.100000 1086.000000
0.110000 1409.000000
0.120000 1466.000000
0.130000 1482.000000
0.140000 1610.000000
0.150000 1701.000000
0.160000 1965.000000
0.170000 2402.000000
0.180000 2850.000000
0.190000 3251.000000
0.200000 2762.000000
0.210000 1718.000000
0.220000 1032.000000
0.230000 546.000000
0.240000 367.000000
0.250000 300.000000
0.260000 213.000000
0.270000 181.000000
0.280000 150.000000
0.290000 142.000000
0.300000 142.000000
0.310000 140.000000
0.320000 134.000000
0.330000 93.000000
0.340000 129.000000
0.350000 128.000000
0.360000 118.000000
0.370000 116.000000
0.380000 96.000000
0.390000 79.000000
0.400000 95.000000
0.410000 98.000000
0.420000 100.000000
0.430000 93.000000
0.440000 91.000000
0.450000 82.000000
0.460000 76.000000
0.470000 92.000000
0.480000 71.000000
0.490000 51.000000
0.500000 58.000000
0.510000 61.000000
0.520000 59.000000
0.530000 89.000000
0.540000 56.000000
0.550000 76.000000
0.560000 59.000000
0.570000 67.000000
0.580000 61.000000
0.590000 61.000000
0.600000 78.000000
0.610000 69.000000
0.620000 81.000000
0.630000 65.000000
0.640000 68.000000
0.650000 74.000000
0.660000 88.000000
0.670000 73.000000
0.680000 68.000000
0.690000 76.000000
0.700000 79.000000
0.710000 83.000000
0.720000 91.000000
0.730000 97.000000
0.740000 90.000000
0.750000 103.000000
0.760000 105.000000
0.770000 94.000000
0.780000 125.000000
0.790000 149.000000
0.800000 156.000000
0.810000 156.000000
0.820000 172.000000
0.830000 214.000000
0.840000 221.000000
0.850000 270.000000
0.860000 315.000000
0.870000 415.000000
0.880000 1129.000000
0.890000 1028.000000
0.900000 856.000000
0.910000 1280.000000
0.920000 686.000000
0.930000 208.000000
0.940000 0.000000
0.950000 0.000000
0.960000 0.000000
0.970000 0.000000
0.980000 0.000000
0.990000 0.000000
