  181   2   1   0   3
   -90.00     2.969
   -89.00     3.162
   -88.00     3.367
   -87.00     3.583
   -86.00     3.811
   -85.00     4.048
   -84.00     4.296
   -83.00     4.554
   -82.00     4.820
   -81.00     5.095
   -80.00     5.377
   -79.00     5.667
   -78.00     5.962
   -77.00     6.263
   -76.00     6.568
   -75.00     6.877
   -74.00     7.189
   -73.00     7.502
   -72.00     7.817
   -71.00     8.131
   -70.00     8.445
   -69.00     8.757
   -68.00     9.066
   -67.00     9.371
   -66.00     9.673
   -65.00     9.969
   -64.00    10.259
   -63.00    10.542
   -62.00    10.817
   -61.00    11.084
   -60.00    11.342
   -59.00    11.590
   -58.00    11.828
   -57.00    12.055
   -56.00    12.270
   -55.00    12.472
   -54.00    12.663
   -53.00    12.840
   -52.00    13.003
   -51.00    13.152
   -50.00    13.288
   -49.00    13.408
   -48.00    13.514
   -47.00    13.605
   -46.00    13.680
   -45.00    13.740
   -44.00    13.784
   -43.00    13.813
   -42.00    13.825
   -41.00    13.823
   -40.00    13.804
   -39.00    13.770
   -38.00    13.721
   -37.00    13.656
   -36.00    13.576
   -35.00    13.481
   -34.00    13.371
   -33.00    13.247
   -32.00    13.108
   -31.00    12.957
   -30.00    12.791
   -29.00    12.614
   -28.00    12.423
   -27.00    12.221
   -26.00    12.008
   -25.00    11.783
   -24.00    11.549
   -23.00    11.306
   -22.00    11.053
   -21.00    10.793
   -20.00    10.525
   -19.00    10.251
   -18.00     9.971
   -17.00     9.686
   -16.00     9.397
   -15.00     9.105
   -14.00     8.811
   -13.00     8.515
   -12.00     8.218
   -11.00     7.922
   -10.00     7.627
    -9.00     7.334
    -8.00     7.043
    -7.00     6.756
    -6.00     6.474
    -5.00     6.196
    -4.00     5.925
    -3.00     5.660
    -2.00     5.402
    -1.00     5.153
     0.00     4.911
     1.00     4.679
     2.00     4.456
     3.00     4.243
     4.00     4.040
     5.00     3.848
     6.00     3.666
     7.00     3.495
     8.00     3.335
     9.00     3.186
    10.00     3.048
    11.00     2.920
    12.00     2.804
    13.00     2.698
    14.00     2.602
    15.00     2.516
    16.00     2.440
    17.00     2.374
    18.00     2.316
    19.00     2.266
    20.00     2.225
    21.00     2.191
    22.00     2.164
    23.00     2.143
    24.00     2.128
    25.00     2.118
    26.00     2.113
    27.00     2.112
    28.00     2.115
    29.00     2.121
    30.00     2.129
    31.00     2.139
    32.00     2.150
    33.00     2.163
    34.00     2.175
    35.00     2.188
    36.00     2.200
    37.00     2.212
    38.00     2.222
    39.00     2.230
    40.00     2.237
    41.00     2.241
    42.00     2.243
    43.00     2.242
    44.00     2.239
    45.00     2.232
    46.00     2.223
    47.00     2.210
    48.00     2.195
    49.00     2.176
    50.00     2.154
    51.00     2.129
    52.00     2.101
    53.00     2.071
    54.00     2.038
    55.00     2.003
    56.00     1.966
    57.00     1.928
    58.00     1.888
    59.00     1.847
    60.00     1.806
    61.00     1.765
    62.00     1.724
    63.00     1.684
    64.00     1.646
    65.00     1.610
    66.00     1.576
    67.00     1.545
    68.00     1.518
    69.00     1.495
    70.00     1.477
    71.00     1.465
    72.00     1.459
    73.00     1.460
    74.00     1.468
    75.00     1.483
    76.00     1.508
    77.00     1.541
    78.00     1.584
    79.00     1.637
    80.00     1.700
    81.00     1.774
    82.00     1.859
    83.00     1.956
    84.00     2.064
    85.00     2.185
    86.00     2.317
    87.00     2.462
    88.00     2.619
    89.00     2.788
    90.00     2.969
  181   2   4   0   3
   -90.00     1.584
   -89.00     1.645
   -88.00     1.729
   -87.00     1.836
   -86.00     1.965
   -85.00     2.116
   -84.00     2.288
   -83.00     2.481
   -82.00     2.692
   -81.00     2.921
   -80.00     3.167
   -79.00     3.428
   -78.00     3.703
   -77.00     3.990
   -76.00     4.287
   -75.00     4.593
   -74.00     4.907
   -73.00     5.225
   -72.00     5.547
   -71.00     5.871
   -70.00     6.195
   -69.00     6.517
   -68.00     6.836
   -67.00     7.150
   -66.00     7.457
   -65.00     7.756
   -64.00     8.045
   -63.00     8.323
   -62.00     8.589
   -61.00     8.841
   -60.00     9.078
   -59.00     9.299
   -58.00     9.504
   -57.00     9.690
   -56.00     9.858
   -55.00    10.007
   -54.00    10.135
   -53.00    10.243
   -52.00    10.329
   -51.00    10.394
   -50.00    10.438
   -49.00    10.459
   -48.00    10.458
   -47.00    10.435
   -46.00    10.390
   -45.00    10.322
   -44.00    10.233
   -43.00    10.123
   -42.00     9.991
   -41.00     9.838
   -40.00     9.665
   -39.00     9.473
   -38.00     9.262
   -37.00     9.033
   -36.00     8.787
   -35.00     8.525
   -34.00     8.248
   -33.00     7.957
   -32.00     7.654
   -31.00     7.340
   -30.00     7.016
   -29.00     6.684
   -28.00     6.346
   -27.00     6.003
   -26.00     5.656
   -25.00     5.308
   -24.00     4.961
   -23.00     4.615
   -22.00     4.274
   -21.00     3.939
   -20.00     3.611
   -19.00     3.293
   -18.00     2.986
   -17.00     2.693
   -16.00     2.414
   -15.00     2.151
   -14.00     1.906
   -13.00     1.680
   -12.00     1.474
   -11.00     1.291
   -10.00     1.129
    -9.00     0.991
    -8.00     0.876
    -7.00     0.786
    -6.00     0.721
    -5.00     0.681
    -4.00     0.665
    -3.00     0.674
    -2.00     0.708
    -1.00     0.765
     0.00     0.845
     1.00     0.947
     2.00     1.071
     3.00     1.215
     4.00     1.379
     5.00     1.560
     6.00     1.758
     7.00     1.972
     8.00     2.199
     9.00     2.438
    10.00     2.689
    11.00     2.949
    12.00     3.217
    13.00     3.491
    14.00     3.770
    15.00     4.053
    16.00     4.338
    17.00     4.624
    18.00     4.909
    19.00     5.192
    20.00     5.472
    21.00     5.748
    22.00     6.019
    23.00     6.283
    24.00     6.540
    25.00     6.788
    26.00     7.027
    27.00     7.257
    28.00     7.475
    29.00     7.683
    30.00     7.878
    31.00     8.060
    32.00     8.229
    33.00     8.385
    34.00     8.527
    35.00     8.654
    36.00     8.766
    37.00     8.864
    38.00     8.946
    39.00     9.013
    40.00     9.064
    41.00     9.099
    42.00     9.119
    43.00     9.123
    44.00     9.111
    45.00     9.084
    46.00     9.041
    47.00     8.982
    48.00     8.908
    49.00     8.820
    50.00     8.716
    51.00     8.599
    52.00     8.467
    53.00     8.321
    54.00     8.163
    55.00     7.992
    56.00     7.808
    57.00     7.614
    58.00     7.408
    59.00     7.193
    60.00     6.968
    61.00     6.735
    62.00     6.494
    63.00     6.247
    64.00     5.994
    65.00     5.737
    66.00     5.476
    67.00     5.213
    68.00     4.950
    69.00     4.686
    70.00     4.424
    71.00     4.165
    72.00     3.911
    73.00     3.662
    74.00     3.420
    75.00     3.187
    76.00     2.964
    77.00     2.752
    78.00     2.554
    79.00     2.369
    80.00     2.199
    81.00     2.047
    82.00     1.912
    83.00     1.796
    84.00     1.700
    85.00     1.625
    86.00     1.572
    87.00     1.540
    88.00     1.532
    89.00     1.546
    90.00     1.584
  181   2   2   0   3
   -90.00     0.874
   -89.00     0.863
   -88.00     0.854
   -87.00     0.846
   -86.00     0.840
   -85.00     0.836
   -84.00     0.835
   -83.00     0.836
   -82.00     0.839
   -81.00     0.846
   -80.00     0.855
   -79.00     0.869
   -78.00     0.885
   -77.00     0.906
   -76.00     0.931
   -75.00     0.960
   -74.00     0.993
   -73.00     1.032
   -72.00     1.074
   -71.00     1.122
   -70.00     1.174
   -69.00     1.231
   -68.00     1.293
   -67.00     1.361
   -66.00     1.433
   -65.00     1.510
   -64.00     1.592
   -63.00     1.678
   -62.00     1.770
   -61.00     1.865
   -60.00     1.966
   -59.00     2.070
   -58.00     2.178
   -57.00     2.290
   -56.00     2.406
   -55.00     2.524
   -54.00     2.646
   -53.00     2.770
   -52.00     2.896
   -51.00     3.024
   -50.00     3.154
   -49.00     3.284
   -48.00     3.416
   -47.00     3.548
   -46.00     3.679
   -45.00     3.811
   -44.00     3.941
   -43.00     4.071
   -42.00     4.198
   -41.00     4.323
   -40.00     4.446
   -39.00     4.566
   -38.00     4.683
   -37.00     4.796
   -36.00     4.905
   -35.00     5.010
   -34.00     5.110
   -33.00     5.205
   -32.00     5.295
   -31.00     5.378
   -30.00     5.456
   -29.00     5.528
   -28.00     5.593
   -27.00     5.652
   -26.00     5.704
   -25.00     5.748
   -24.00     5.786
   -23.00     5.816
   -22.00     5.839
   -21.00     5.854
   -20.00     5.862
   -19.00     5.862
   -18.00     5.854
   -17.00     5.839
   -16.00     5.817
   -15.00     5.787
   -14.00     5.749
   -13.00     5.704
   -12.00     5.652
   -11.00     5.593
   -10.00     5.528
    -9.00     5.455
    -8.00     5.376
    -7.00     5.292
    -6.00     5.201
    -5.00     5.105
    -4.00     5.003
    -3.00     4.896
    -2.00     4.785
    -1.00     4.670
     0.00     4.551
     1.00     4.428
     2.00     4.302
     3.00     4.173
     4.00     4.042
     5.00     3.909
     6.00     3.775
     7.00     3.639
     8.00     3.503
     9.00     3.366
    10.00     3.230
    11.00     3.094
    12.00     2.960
    13.00     2.826
    14.00     2.695
    15.00     2.565
    16.00     2.438
    17.00     2.314
    18.00     2.193
    19.00     2.075
    20.00     1.961
    21.00     1.851
    22.00     1.746
    23.00     1.644
    24.00     1.548
    25.00     1.456
    26.00     1.369
    27.00     1.287
    28.00     1.210
    29.00     1.139
    30.00     1.073
    31.00     1.012
    32.00     0.956
    33.00     0.905
    34.00     0.860
    35.00     0.819
    36.00     0.784
    37.00     0.753
    38.00     0.727
    39.00     0.706
    40.00     0.689
    41.00     0.676
    42.00     0.667
    43.00     0.661
    44.00     0.659
    45.00     0.661
    46.00     0.665
    47.00     0.672
    48.00     0.681
    49.00     0.693
    50.00     0.706
    51.00     0.721
    52.00     0.738
    53.00     0.755
    54.00     0.774
    55.00     0.793
    56.00     0.813
    57.00     0.832
    58.00     0.852
    59.00     0.871
    60.00     0.890
    61.00     0.909
    62.00     0.926
    63.00     0.943
    64.00     0.958
    65.00     0.972
    66.00     0.985
    67.00     0.996
    68.00     1.006
    69.00     1.014
    70.00     1.020
    71.00     1.025
    72.00     1.028
    73.00     1.029
    74.00     1.028
    75.00     1.026
    76.00     1.023
    77.00     1.018
    78.00     1.011
    79.00     1.003
    80.00     0.994
    81.00     0.984
    82.00     0.973
    83.00     0.961
    84.00     0.948
    85.00     0.936
    86.00     0.923
    87.00     0.910
    88.00     0.897
    89.00     0.885
    90.00     0.874
  181   2   3   0   1
   -90.00     4.616
   -89.00     4.616
   -88.00     4.616
   -87.00     4.616
   -86.00     4.616
   -85.00     4.616
   -84.00     4.616
   -83.00     4.616
   -82.00     4.616
   -81.00     4.616
   -80.00     4.616
   -79.00     4.616
   -78.00     4.616
   -77.00     4.616
   -76.00     4.616
   -75.00     4.616
   -74.00     4.616
   -73.00     4.616
   -72.00     4.616
   -71.00     4.616
   -70.00     4.616
   -69.00     4.616
   -68.00     4.616
   -67.00     4.616
   -66.00     4.616
   -65.00     4.616
   -64.00     4.616
   -63.00     4.616
   -62.00     4.616
   -61.00     4.616
   -60.00     4.616
   -59.00     4.616
   -58.00     4.616
   -57.00     4.616
   -56.00     4.616
   -55.00     4.616
   -54.00     4.616
   -53.00     4.616
   -52.00     4.616
   -51.00     4.616
   -50.00     4.616
   -49.00     4.616
   -48.00     4.616
   -47.00     4.616
   -46.00     4.616
   -45.00     4.616
   -44.00     4.616
   -43.00     4.616
   -42.00     4.616
   -41.00     4.616
   -40.00     4.616
   -39.00     4.616
   -38.00     4.616
   -37.00     4.616
   -36.00     4.616
   -35.00     4.616
   -34.00     4.616
   -33.00     4.616
   -32.00     4.616
   -31.00     4.616
   -30.00     4.616
   -29.00     4.616
   -28.00     4.616
   -27.00     4.616
   -26.00     4.616
   -25.00     4.616
   -24.00     4.616
   -23.00     4.616
   -22.00     4.616
   -21.00     4.616
   -20.00     4.616
   -19.00     4.616
   -18.00     4.616
   -17.00     4.616
   -16.00     4.616
   -15.00     4.616
   -14.00     4.616
   -13.00     4.616
   -12.00     4.616
   -11.00     4.616
   -10.00     4.616
    -9.00     4.616
    -8.00     4.616
    -7.00     4.616
    -6.00     4.616
    -5.00     4.616
    -4.00     4.616
    -3.00     4.616
    -2.00     4.616
    -1.00     4.616
     0.00     4.616
     1.00     4.616
     2.00     4.616
     3.00     4.616
     4.00     4.616
     5.00     4.616
     6.00     4.616
     7.00     4.616
     8.00     4.616
     9.00     4.616
    10.00     4.616
    11.00     4.616
    12.00     4.616
    13.00     4.616
    14.00     4.616
    15.00     4.616
    16.00     4.616
    17.00     4.616
    18.00     4.616
    19.00     4.616
    20.00     4.616
    21.00     4.616
    22.00     4.616
    23.00     4.616
    24.00     4.616
    25.00     4.616
    26.00     4.616
    27.00     4.616
    28.00     4.616
    29.00     4.616
    30.00     4.616
    31.00     4.616
    32.00     4.616
    33.00     4.616
    34.00     4.616
    35.00     4.616
    36.00     4.616
    37.00     4.616
    38.00     4.616
    39.00     4.616
    40.00     4.616
    41.00     4.616
    42.00     4.616
    43.00     4.616
    44.00     4.616
    45.00     4.616
    46.00     4.616
    47.00     4.616
    48.00     4.616
    49.00     4.616
    50.00     4.616
    51.00     4.616
    52.00     4.616
    53.00     4.616
    54.00     4.616
    55.00     4.616
    56.00     4.616
    57.00     4.616
    58.00     4.616
    59.00     4.616
    60.00     4.616
    61.00     4.616
    62.00     4.616
    63.00     4.616
    64.00     4.616
    65.00     4.616
    66.00     4.616
    67.00     4.616
    68.00     4.616
    69.00     4.616
    70.00     4.616
    71.00     4.616
    72.00     4.616
    73.00     4.616
    74.00     4.616
    75.00     4.616
    76.00     4.616
    77.00     4.616
    78.00     4.616
    79.00     4.616
    80.00     4.616
    81.00     4.616
    82.00     4.616
    83.00     4.616
    84.00     4.616
    85.00     4.616
    86.00     4.616
    87.00     4.616
    88.00     4.616
    89.00     4.616
    90.00     4.616
