  181   2   1   0   3
   -90.00     1.863
   -89.00     1.984
   -88.00     2.113
   -87.00     2.250
   -86.00     2.394
   -85.00     2.544
   -84.00     2.699
   -83.00     2.860
   -82.00     3.025
   -81.00     3.193
   -80.00     3.365
   -79.00     3.538
   -78.00     3.713
   -77.00     3.889
   -76.00     4.065
   -75.00     4.240
   -74.00     4.414
   -73.00     4.586
   -72.00     4.755
   -71.00     4.921
   -70.00     5.083
   -69.00     5.240
   -68.00     5.393
   -67.00     5.540
   -66.00     5.681
   -65.00     5.815
   -64.00     5.943
   -63.00     6.063
   -62.00     6.176
   -61.00     6.280
   -60.00     6.377
   -59.00     6.465
   -58.00     6.544
   -57.00     6.613
   -56.00     6.674
   -55.00     6.725
   -54.00     6.767
   -53.00     6.799
   -52.00     6.821
   -51.00     6.834
   -50.00     6.836
   -49.00     6.829
   -48.00     6.812
   -47.00     6.785
   -46.00     6.748
   -45.00     6.702
   -44.00     6.646
   -43.00     6.580
   -42.00     6.506
   -41.00     6.422
   -40.00     6.330
   -39.00     6.229
   -38.00     6.120
   -37.00     6.003
   -36.00     5.879
   -35.00     5.747
   -34.00     5.609
   -33.00     5.464
   -32.00     5.313
   -31.00     5.157
   -30.00     4.996
   -29.00     4.831
   -28.00     4.662
   -27.00     4.489
   -26.00     4.315
   -25.00     4.138
   -24.00     3.960
   -23.00     3.782
   -22.00     3.603
   -21.00     3.426
   -20.00     3.250
   -19.00     3.076
   -18.00     2.906
   -17.00     2.739
   -16.00     2.577
   -15.00     2.420
   -14.00     2.269
   -13.00     2.124
   -12.00     1.986
   -11.00     1.856
   -10.00     1.734
    -9.00     1.621
    -8.00     1.517
    -7.00     1.423
    -6.00     1.338
    -5.00     1.264
    -4.00     1.200
    -3.00     1.147
    -2.00     1.104
    -1.00     1.072
     0.00     1.050
     1.00     1.039
     2.00     1.039
     3.00     1.048
     4.00     1.067
     5.00     1.096
     6.00     1.133
     7.00     1.179
     8.00     1.233
     9.00     1.295
    10.00     1.363
    11.00     1.438
    12.00     1.519
    13.00     1.604
    14.00     1.694
    15.00     1.787
    16.00     1.883
    17.00     1.982
    18.00     2.082
    19.00     2.183
    20.00     2.285
    21.00     2.386
    22.00     2.486
    23.00     2.584
    24.00     2.681
    25.00     2.774
    26.00     2.864
    27.00     2.950
    28.00     3.033
    29.00     3.110
    30.00     3.182
    31.00     3.249
    32.00     3.310
    33.00     3.365
    34.00     3.413
    35.00     3.455
    36.00     3.490
    37.00     3.518
    38.00     3.538
    39.00     3.552
    40.00     3.558
    41.00     3.557
    42.00     3.549
    43.00     3.533
    44.00     3.510
    45.00     3.481
    46.00     3.444
    47.00     3.401
    48.00     3.351
    49.00     3.295
    50.00     3.233
    51.00     3.165
    52.00     3.092
    53.00     3.015
    54.00     2.933
    55.00     2.847
    56.00     2.758
    57.00     2.666
    58.00     2.571
    59.00     2.475
    60.00     2.377
    61.00     2.279
    62.00     2.182
    63.00     2.084
    64.00     1.989
    65.00     1.895
    66.00     1.804
    67.00     1.717
    68.00     1.634
    69.00     1.556
    70.00     1.483
    71.00     1.416
    72.00     1.356
    73.00     1.304
    74.00     1.259
    75.00     1.223
    76.00     1.195
    77.00     1.177
    78.00     1.169
    79.00     1.170
    80.00     1.181
    81.00     1.203
    82.00     1.236
    83.00     1.278
    84.00     1.332
    85.00     1.396
    86.00     1.470
    87.00     1.554
    88.00     1.648
    89.00     1.751
    90.00     1.863
  181   2   4   0   3
   -90.00     1.248
   -89.00     1.271
   -88.00     1.296
   -87.00     1.323
   -86.00     1.352
   -85.00     1.383
   -84.00     1.416
   -83.00     1.451
   -82.00     1.488
   -81.00     1.528
   -80.00     1.569
   -79.00     1.613
   -78.00     1.658
   -77.00     1.706
   -76.00     1.756
   -75.00     1.808
   -74.00     1.862
   -73.00     1.917
   -72.00     1.975
   -71.00     2.034
   -70.00     2.095
   -69.00     2.158
   -68.00     2.222
   -67.00     2.288
   -66.00     2.354
   -65.00     2.422
   -64.00     2.491
   -63.00     2.561
   -62.00     2.631
   -61.00     2.702
   -60.00     2.773
   -59.00     2.845
   -58.00     2.916
   -57.00     2.988
   -56.00     3.059
   -55.00     3.130
   -54.00     3.200
   -53.00     3.269
   -52.00     3.338
   -51.00     3.405
   -50.00     3.472
   -49.00     3.536
   -48.00     3.600
   -47.00     3.661
   -46.00     3.721
   -45.00     3.778
   -44.00     3.834
   -43.00     3.887
   -42.00     3.938
   -41.00     3.986
   -40.00     4.031
   -39.00     4.074
   -38.00     4.114
   -37.00     4.151
   -36.00     4.184
   -35.00     4.215
   -34.00     4.242
   -33.00     4.266
   -32.00     4.287
   -31.00     4.304
   -30.00     4.317
   -29.00     4.328
   -28.00     4.334
   -27.00     4.338
   -26.00     4.337
   -25.00     4.333
   -24.00     4.326
   -23.00     4.315
   -22.00     4.300
   -21.00     4.282
   -20.00     4.261
   -19.00     4.236
   -18.00     4.208
   -17.00     4.177
   -16.00     4.142
   -15.00     4.104
   -14.00     4.064
   -13.00     4.020
   -12.00     3.974
   -11.00     3.925
   -10.00     3.874
    -9.00     3.820
    -8.00     3.764
    -7.00     3.706
    -6.00     3.645
    -5.00     3.583
    -4.00     3.519
    -3.00     3.454
    -2.00     3.387
    -1.00     3.319
     0.00     3.250
     1.00     3.180
     2.00     3.109
     3.00     3.038
     4.00     2.966
     5.00     2.894
     6.00     2.822
     7.00     2.750
     8.00     2.678
     9.00     2.607
    10.00     2.536
    11.00     2.467
    12.00     2.398
    13.00     2.330
    14.00     2.263
    15.00     2.197
    16.00     2.133
    17.00     2.070
    18.00     2.009
    19.00     1.950
    20.00     1.892
    21.00     1.837
    22.00     1.783
    23.00     1.731
    24.00     1.682
    25.00     1.634
    26.00     1.589
    27.00     1.546
    28.00     1.505
    29.00     1.466
    30.00     1.429
    31.00     1.394
    32.00     1.362
    33.00     1.331
    34.00     1.303
    35.00     1.277
    36.00     1.252
    37.00     1.230
    38.00     1.209
    39.00     1.190
    40.00     1.173
    41.00     1.157
    42.00     1.143
    43.00     1.130
    44.00     1.119
    45.00     1.109
    46.00     1.100
    47.00     1.092
    48.00     1.085
    49.00     1.079
    50.00     1.074
    51.00     1.070
    52.00     1.066
    53.00     1.063
    54.00     1.060
    55.00     1.058
    56.00     1.057
    57.00     1.055
    58.00     1.054
    59.00     1.054
    60.00     1.053
    61.00     1.053
    62.00     1.053
    63.00     1.053
    64.00     1.054
    65.00     1.054
    66.00     1.055
    67.00     1.056
    68.00     1.057
    69.00     1.058
    70.00     1.060
    71.00     1.062
    72.00     1.064
    73.00     1.067
    74.00     1.070
    75.00     1.074
    76.00     1.079
    77.00     1.084
    78.00     1.090
    79.00     1.096
    80.00     1.104
    81.00     1.112
    82.00     1.122
    83.00     1.133
    84.00     1.145
    85.00     1.158
    86.00     1.173
    87.00     1.190
    88.00     1.207
    89.00     1.227
    90.00     1.248
  181   2   3   0   1
   -90.00     4.616
   -89.00     4.616
   -88.00     4.616
   -87.00     4.616
   -86.00     4.616
   -85.00     4.616
   -84.00     4.616
   -83.00     4.616
   -82.00     4.616
   -81.00     4.616
   -80.00     4.616
   -79.00     4.616
   -78.00     4.616
   -77.00     4.616
   -76.00     4.616
   -75.00     4.616
   -74.00     4.616
   -73.00     4.616
   -72.00     4.616
   -71.00     4.616
   -70.00     4.616
   -69.00     4.616
   -68.00     4.616
   -67.00     4.616
   -66.00     4.616
   -65.00     4.616
   -64.00     4.616
   -63.00     4.616
   -62.00     4.616
   -61.00     4.616
   -60.00     4.616
   -59.00     4.616
   -58.00     4.616
   -57.00     4.616
   -56.00     4.616
   -55.00     4.616
   -54.00     4.616
   -53.00     4.616
   -52.00     4.616
   -51.00     4.616
   -50.00     4.616
   -49.00     4.616
   -48.00     4.616
   -47.00     4.616
   -46.00     4.616
   -45.00     4.616
   -44.00     4.616
   -43.00     4.616
   -42.00     4.616
   -41.00     4.616
   -40.00     4.616
   -39.00     4.616
   -38.00     4.616
   -37.00     4.616
   -36.00     4.616
   -35.00     4.616
   -34.00     4.616
   -33.00     4.616
   -32.00     4.616
   -31.00     4.616
   -30.00     4.616
   -29.00     4.616
   -28.00     4.616
   -27.00     4.616
   -26.00     4.616
   -25.00     4.616
   -24.00     4.616
   -23.00     4.616
   -22.00     4.616
   -21.00     4.616
   -20.00     4.616
   -19.00     4.616
   -18.00     4.616
   -17.00     4.616
   -16.00     4.616
   -15.00     4.616
   -14.00     4.616
   -13.00     4.616
   -12.00     4.616
   -11.00     4.616
   -10.00     4.616
    -9.00     4.616
    -8.00     4.616
    -7.00     4.616
    -6.00     4.616
    -5.00     4.616
    -4.00     4.616
    -3.00     4.616
    -2.00     4.616
    -1.00     4.616
     0.00     4.616
     1.00     4.616
     2.00     4.616
     3.00     4.616
     4.00     4.616
     5.00     4.616
     6.00     4.616
     7.00     4.616
     8.00     4.616
     9.00     4.616
    10.00     4.616
    11.00     4.616
    12.00     4.616
    13.00     4.616
    14.00     4.616
    15.00     4.616
    16.00     4.616
    17.00     4.616
    18.00     4.616
    19.00     4.616
    20.00     4.616
    21.00     4.616
    22.00     4.616
    23.00     4.616
    24.00     4.616
    25.00     4.616
    26.00     4.616
    27.00     4.616
    28.00     4.616
    29.00     4.616
    30.00     4.616
    31.00     4.616
    32.00     4.616
    33.00     4.616
    34.00     4.616
    35.00     4.616
    36.00     4.616
    37.00     4.616
    38.00     4.616
    39.00     4.616
    40.00     4.616
    41.00     4.616
    42.00     4.616
    43.00     4.616
    44.00     4.616
    45.00     4.616
    46.00     4.616
    47.00     4.616
    48.00     4.616
    49.00     4.616
    50.00     4.616
    51.00     4.616
    52.00     4.616
    53.00     4.616
    54.00     4.616
    55.00     4.616
    56.00     4.616
    57.00     4.616
    58.00     4.616
    59.00     4.616
    60.00     4.616
    61.00     4.616
    62.00     4.616
    63.00     4.616
    64.00     4.616
    65.00     4.616
    66.00     4.616
    67.00     4.616
    68.00     4.616
    69.00     4.616
    70.00     4.616
    71.00     4.616
    72.00     4.616
    73.00     4.616
    74.00     4.616
    75.00     4.616
    76.00     4.616
    77.00     4.616
    78.00     4.616
    79.00     4.616
    80.00     4.616
    81.00     4.616
    82.00     4.616
    83.00     4.616
    84.00     4.616
    85.00     4.616
    86.00     4.616
    87.00     4.616
    88.00     4.616
    89.00     4.616
    90.00     4.616
