  181   2   1   0   3
   -90.00     0.395
   -89.00     0.423
   -88.00     0.453
   -87.00     0.485
   -86.00     0.519
   -85.00     0.555
   -84.00     0.592
   -83.00     0.630
   -82.00     0.670
   -81.00     0.712
   -80.00     0.755
   -79.00     0.798
   -78.00     0.843
   -77.00     0.889
   -76.00     0.935
   -75.00     0.983
   -74.00     1.030
   -73.00     1.078
   -72.00     1.126
   -71.00     1.175
   -70.00     1.223
   -69.00     1.271
   -68.00     1.318
   -67.00     1.365
   -66.00     1.412
   -65.00     1.457
   -64.00     1.502
   -63.00     1.545
   -62.00     1.588
   -61.00     1.629
   -60.00     1.669
   -59.00     1.707
   -58.00     1.743
   -57.00     1.778
   -56.00     1.811
   -55.00     1.842
   -54.00     1.871
   -53.00     1.897
   -52.00     1.922
   -51.00     1.944
   -50.00     1.964
   -49.00     1.982
   -48.00     1.997
   -47.00     2.010
   -46.00     2.021
   -45.00     2.029
   -44.00     2.034
   -43.00     2.037
   -42.00     2.038
   -41.00     2.035
   -40.00     2.031
   -39.00     2.024
   -38.00     2.014
   -37.00     2.002
   -36.00     1.988
   -35.00     1.971
   -34.00     1.953
   -33.00     1.931
   -32.00     1.908
   -31.00     1.883
   -30.00     1.855
   -29.00     1.826
   -28.00     1.795
   -27.00     1.762
   -26.00     1.727
   -25.00     1.691
   -24.00     1.653
   -23.00     1.615
   -22.00     1.575
   -21.00     1.533
   -20.00     1.491
   -19.00     1.448
   -18.00     1.405
   -17.00     1.361
   -16.00     1.316
   -15.00     1.271
   -14.00     1.226
   -13.00     1.181
   -12.00     1.137
   -11.00     1.092
   -10.00     1.048
    -9.00     1.004
    -8.00     0.961
    -7.00     0.919
    -6.00     0.878
    -5.00     0.838
    -4.00     0.798
    -3.00     0.760
    -2.00     0.724
    -1.00     0.689
     0.00     0.655
     1.00     0.622
     2.00     0.592
     3.00     0.562
     4.00     0.535
     5.00     0.509
     6.00     0.485
     7.00     0.462
     8.00     0.442
     9.00     0.423
    10.00     0.405
    11.00     0.390
    12.00     0.376
    13.00     0.363
    14.00     0.352
    15.00     0.343
    16.00     0.334
    17.00     0.328
    18.00     0.322
    19.00     0.318
    20.00     0.315
    21.00     0.313
    22.00     0.311
    23.00     0.311
    24.00     0.311
    25.00     0.312
    26.00     0.314
    27.00     0.316
    28.00     0.319
    29.00     0.322
    30.00     0.325
    31.00     0.328
    32.00     0.331
    33.00     0.335
    34.00     0.338
    35.00     0.341
    36.00     0.344
    37.00     0.346
    38.00     0.349
    39.00     0.350
    40.00     0.352
    41.00     0.353
    42.00     0.353
    43.00     0.353
    44.00     0.352
    45.00     0.351
    46.00     0.349
    47.00     0.347
    48.00     0.344
    49.00     0.340
    50.00     0.336
    51.00     0.331
    52.00     0.326
    53.00     0.320
    54.00     0.314
    55.00     0.307
    56.00     0.300
    57.00     0.293
    58.00     0.285
    59.00     0.277
    60.00     0.269
    61.00     0.261
    62.00     0.253
    63.00     0.246
    64.00     0.238
    65.00     0.230
    66.00     0.223
    67.00     0.217
    68.00     0.211
    69.00     0.205
    70.00     0.201
    71.00     0.197
    72.00     0.194
    73.00     0.192
    74.00     0.191
    75.00     0.192
    76.00     0.194
    77.00     0.197
    78.00     0.202
    79.00     0.208
    80.00     0.216
    81.00     0.225
    82.00     0.237
    83.00     0.250
    84.00     0.265
    85.00     0.282
    86.00     0.300
    87.00     0.321
    88.00     0.344
    89.00     0.368
    90.00     0.395
  181   2   4   0   3
   -90.00     0.080
   -89.00     0.087
   -88.00     0.098
   -87.00     0.113
   -86.00     0.131
   -85.00     0.153
   -84.00     0.178
   -83.00     0.207
   -82.00     0.239
   -81.00     0.274
   -80.00     0.311
   -79.00     0.351
   -78.00     0.393
   -77.00     0.438
   -76.00     0.484
   -75.00     0.531
   -74.00     0.580
   -73.00     0.629
   -72.00     0.679
   -71.00     0.730
   -70.00     0.780
   -69.00     0.830
   -68.00     0.879
   -67.00     0.928
   -66.00     0.976
   -65.00     1.022
   -64.00     1.067
   -63.00     1.110
   -62.00     1.151
   -61.00     1.190
   -60.00     1.226
   -59.00     1.260
   -58.00     1.292
   -57.00     1.320
   -56.00     1.345
   -55.00     1.368
   -54.00     1.387
   -53.00     1.402
   -52.00     1.415
   -51.00     1.424
   -50.00     1.429
   -49.00     1.431
   -48.00     1.430
   -47.00     1.425
   -46.00     1.417
   -45.00     1.405
   -44.00     1.389
   -43.00     1.371
   -42.00     1.349
   -41.00     1.324
   -40.00     1.296
   -39.00     1.265
   -38.00     1.231
   -37.00     1.194
   -36.00     1.155
   -35.00     1.114
   -34.00     1.071
   -33.00     1.025
   -32.00     0.978
   -31.00     0.930
   -30.00     0.880
   -29.00     0.829
   -28.00     0.778
   -27.00     0.726
   -26.00     0.674
   -25.00     0.622
   -24.00     0.571
   -23.00     0.520
   -22.00     0.470
   -21.00     0.422
   -20.00     0.375
   -19.00     0.330
   -18.00     0.287
   -17.00     0.246
   -16.00     0.208
   -15.00     0.173
   -14.00     0.141
   -13.00     0.112
   -12.00     0.086
   -11.00     0.064
   -10.00     0.046
    -9.00     0.031
    -8.00     0.021
    -7.00     0.014
    -6.00     0.012
    -5.00     0.013
    -4.00     0.019
    -3.00     0.028
    -2.00     0.041
    -1.00     0.058
     0.00     0.079
     1.00     0.103
     2.00     0.130
     3.00     0.161
     4.00     0.194
     5.00     0.231
     6.00     0.270
     7.00     0.311
     8.00     0.355
     9.00     0.400
    10.00     0.447
    11.00     0.495
    12.00     0.545
    13.00     0.595
    14.00     0.646
    15.00     0.698
    16.00     0.749
    17.00     0.801
    18.00     0.852
    19.00     0.903
    20.00     0.953
    21.00     1.002
    22.00     1.050
    23.00     1.097
    24.00     1.142
    25.00     1.186
    26.00     1.228
    27.00     1.268
    28.00     1.306
    29.00     1.342
    30.00     1.376
    31.00     1.407
    32.00     1.436
    33.00     1.462
    34.00     1.486
    35.00     1.507
    36.00     1.525
    37.00     1.541
    38.00     1.553
    39.00     1.563
    40.00     1.570
    41.00     1.573
    42.00     1.574
    43.00     1.572
    44.00     1.568
    45.00     1.560
    46.00     1.549
    47.00     1.536
    48.00     1.519
    49.00     1.500
    50.00     1.478
    51.00     1.454
    52.00     1.427
    53.00     1.397
    54.00     1.366
    55.00     1.331
    56.00     1.295
    57.00     1.257
    58.00     1.216
    59.00     1.174
    60.00     1.131
    61.00     1.085
    62.00     1.039
    63.00     0.991
    64.00     0.943
    65.00     0.893
    66.00     0.844
    67.00     0.793
    68.00     0.743
    69.00     0.693
    70.00     0.643
    71.00     0.594
    72.00     0.546
    73.00     0.499
    74.00     0.453
    75.00     0.409
    76.00     0.367
    77.00     0.326
    78.00     0.288
    79.00     0.253
    80.00     0.220
    81.00     0.191
    82.00     0.164
    83.00     0.141
    84.00     0.121
    85.00     0.105
    86.00     0.092
    87.00     0.083
    88.00     0.079
    89.00     0.078
    90.00     0.080
  181   2   2   0   3
   -90.00     0.062
   -89.00     0.059
   -88.00     0.056
   -87.00     0.053
   -86.00     0.051
   -85.00     0.049
   -84.00     0.048
   -83.00     0.047
   -82.00     0.046
   -81.00     0.047
   -80.00     0.047
   -79.00     0.049
   -78.00     0.051
   -77.00     0.053
   -76.00     0.057
   -75.00     0.061
   -74.00     0.066
   -73.00     0.072
   -72.00     0.078
   -71.00     0.085
   -70.00     0.093
   -69.00     0.102
   -68.00     0.112
   -67.00     0.122
   -66.00     0.133
   -65.00     0.145
   -64.00     0.157
   -63.00     0.171
   -62.00     0.185
   -61.00     0.199
   -60.00     0.215
   -59.00     0.230
   -58.00     0.247
   -57.00     0.264
   -56.00     0.281
   -55.00     0.298
   -54.00     0.316
   -53.00     0.335
   -52.00     0.353
   -51.00     0.372
   -50.00     0.391
   -49.00     0.409
   -48.00     0.428
   -47.00     0.447
   -46.00     0.465
   -45.00     0.484
   -44.00     0.502
   -43.00     0.519
   -42.00     0.537
   -41.00     0.554
   -40.00     0.570
   -39.00     0.586
   -38.00     0.601
   -37.00     0.615
   -36.00     0.629
   -35.00     0.642
   -34.00     0.654
   -33.00     0.665
   -32.00     0.675
   -31.00     0.684
   -30.00     0.693
   -29.00     0.700
   -28.00     0.706
   -27.00     0.711
   -26.00     0.716
   -25.00     0.718
   -24.00     0.720
   -23.00     0.721
   -22.00     0.721
   -21.00     0.719
   -20.00     0.716
   -19.00     0.713
   -18.00     0.708
   -17.00     0.702
   -16.00     0.695
   -15.00     0.687
   -14.00     0.677
   -13.00     0.667
   -12.00     0.656
   -11.00     0.644
   -10.00     0.631
    -9.00     0.618
    -8.00     0.603
    -7.00     0.588
    -6.00     0.572
    -5.00     0.555
    -4.00     0.538
    -3.00     0.521
    -2.00     0.502
    -1.00     0.484
     0.00     0.465
     1.00     0.446
     2.00     0.427
     3.00     0.407
     4.00     0.388
     5.00     0.368
     6.00     0.349
     7.00     0.330
     8.00     0.310
     9.00     0.292
    10.00     0.273
    11.00     0.255
    12.00     0.237
    13.00     0.220
    14.00     0.203
    15.00     0.186
    16.00     0.171
    17.00     0.156
    18.00     0.141
    19.00     0.128
    20.00     0.115
    21.00     0.103
    22.00     0.092
    23.00     0.081
    24.00     0.071
    25.00     0.063
    26.00     0.055
    27.00     0.047
    28.00     0.041
    29.00     0.036
    30.00     0.031
    31.00     0.027
    32.00     0.024
    33.00     0.021
    34.00     0.020
    35.00     0.019
    36.00     0.018
    37.00     0.019
    38.00     0.020
    39.00     0.021
    40.00     0.023
    41.00     0.026
    42.00     0.028
    43.00     0.032
    44.00     0.035
    45.00     0.039
    46.00     0.043
    47.00     0.048
    48.00     0.052
    49.00     0.057
    50.00     0.062
    51.00     0.066
    52.00     0.071
    53.00     0.076
    54.00     0.080
    55.00     0.085
    56.00     0.089
    57.00     0.093
    58.00     0.097
    59.00     0.101
    60.00     0.104
    61.00     0.107
    62.00     0.110
    63.00     0.113
    64.00     0.115
    65.00     0.116
    66.00     0.118
    67.00     0.119
    68.00     0.119
    69.00     0.119
    70.00     0.119
    71.00     0.119
    72.00     0.118
    73.00     0.116
    74.00     0.115
    75.00     0.113
    76.00     0.110
    77.00     0.108
    78.00     0.105
    79.00     0.102
    80.00     0.098
    81.00     0.095
    82.00     0.091
    83.00     0.088
    84.00     0.084
    85.00     0.080
    86.00     0.076
    87.00     0.072
    88.00     0.069
    89.00     0.065
    90.00     0.062
  181   2   3   0   1
   -90.00     4.616
   -89.00     4.616
   -88.00     4.616
   -87.00     4.616
   -86.00     4.616
   -85.00     4.616
   -84.00     4.616
   -83.00     4.616
   -82.00     4.616
   -81.00     4.616
   -80.00     4.616
   -79.00     4.616
   -78.00     4.616
   -77.00     4.616
   -76.00     4.616
   -75.00     4.616
   -74.00     4.616
   -73.00     4.616
   -72.00     4.616
   -71.00     4.616
   -70.00     4.616
   -69.00     4.616
   -68.00     4.616
   -67.00     4.616
   -66.00     4.616
   -65.00     4.616
   -64.00     4.616
   -63.00     4.616
   -62.00     4.616
   -61.00     4.616
   -60.00     4.616
   -59.00     4.616
   -58.00     4.616
   -57.00     4.616
   -56.00     4.616
   -55.00     4.616
   -54.00     4.616
   -53.00     4.616
   -52.00     4.616
   -51.00     4.616
   -50.00     4.616
   -49.00     4.616
   -48.00     4.616
   -47.00     4.616
   -46.00     4.616
   -45.00     4.616
   -44.00     4.616
   -43.00     4.616
   -42.00     4.616
   -41.00     4.616
   -40.00     4.616
   -39.00     4.616
   -38.00     4.616
   -37.00     4.616
   -36.00     4.616
   -35.00     4.616
   -34.00     4.616
   -33.00     4.616
   -32.00     4.616
   -31.00     4.616
   -30.00     4.616
   -29.00     4.616
   -28.00     4.616
   -27.00     4.616
   -26.00     4.616
   -25.00     4.616
   -24.00     4.616
   -23.00     4.616
   -22.00     4.616
   -21.00     4.616
   -20.00     4.616
   -19.00     4.616
   -18.00     4.616
   -17.00     4.616
   -16.00     4.616
   -15.00     4.616
   -14.00     4.616
   -13.00     4.616
   -12.00     4.616
   -11.00     4.616
   -10.00     4.616
    -9.00     4.616
    -8.00     4.616
    -7.00     4.616
    -6.00     4.616
    -5.00     4.616
    -4.00     4.616
    -3.00     4.616
    -2.00     4.616
    -1.00     4.616
     0.00     4.616
     1.00     4.616
     2.00     4.616
     3.00     4.616
     4.00     4.616
     5.00     4.616
     6.00     4.616
     7.00     4.616
     8.00     4.616
     9.00     4.616
    10.00     4.616
    11.00     4.616
    12.00     4.616
    13.00     4.616
    14.00     4.616
    15.00     4.616
    16.00     4.616
    17.00     4.616
    18.00     4.616
    19.00     4.616
    20.00     4.616
    21.00     4.616
    22.00     4.616
    23.00     4.616
    24.00     4.616
    25.00     4.616
    26.00     4.616
    27.00     4.616
    28.00     4.616
    29.00     4.616
    30.00     4.616
    31.00     4.616
    32.00     4.616
    33.00     4.616
    34.00     4.616
    35.00     4.616
    36.00     4.616
    37.00     4.616
    38.00     4.616
    39.00     4.616
    40.00     4.616
    41.00     4.616
    42.00     4.616
    43.00     4.616
    44.00     4.616
    45.00     4.616
    46.00     4.616
    47.00     4.616
    48.00     4.616
    49.00     4.616
    50.00     4.616
    51.00     4.616
    52.00     4.616
    53.00     4.616
    54.00     4.616
    55.00     4.616
    56.00     4.616
    57.00     4.616
    58.00     4.616
    59.00     4.616
    60.00     4.616
    61.00     4.616
    62.00     4.616
    63.00     4.616
    64.00     4.616
    65.00     4.616
    66.00     4.616
    67.00     4.616
    68.00     4.616
    69.00     4.616
    70.00     4.616
    71.00     4.616
    72.00     4.616
    73.00     4.616
    74.00     4.616
    75.00     4.616
    76.00     4.616
    77.00     4.616
    78.00     4.616
    79.00     4.616
    80.00     4.616
    81.00     4.616
    82.00     4.616
    83.00     4.616
    84.00     4.616
    85.00     4.616
    86.00     4.616
    87.00     4.616
    88.00     4.616
    89.00     4.616
    90.00     4.616
