  181   2   1   0   3
   -90.00     1.414
   -89.00     1.475
   -88.00     1.540
   -87.00     1.608
   -86.00     1.679
   -85.00     1.752
   -84.00     1.829
   -83.00     1.908
   -82.00     1.989
   -81.00     2.073
   -80.00     2.159
   -79.00     2.247
   -78.00     2.336
   -77.00     2.427
   -76.00     2.519
   -75.00     2.612
   -74.00     2.706
   -73.00     2.801
   -72.00     2.895
   -71.00     2.990
   -70.00     3.085
   -69.00     3.179
   -68.00     3.272
   -67.00     3.364
   -66.00     3.456
   -65.00     3.545
   -64.00     3.634
   -63.00     3.720
   -62.00     3.804
   -61.00     3.886
   -60.00     3.965
   -59.00     4.042
   -58.00     4.116
   -57.00     4.187
   -56.00     4.255
   -55.00     4.319
   -54.00     4.380
   -53.00     4.437
   -52.00     4.491
   -51.00     4.540
   -50.00     4.586
   -49.00     4.627
   -48.00     4.665
   -47.00     4.698
   -46.00     4.727
   -45.00     4.752
   -44.00     4.772
   -43.00     4.787
   -42.00     4.799
   -41.00     4.806
   -40.00     4.808
   -39.00     4.806
   -38.00     4.799
   -37.00     4.788
   -36.00     4.773
   -35.00     4.753
   -34.00     4.729
   -33.00     4.701
   -32.00     4.669
   -31.00     4.632
   -30.00     4.592
   -29.00     4.548
   -28.00     4.499
   -27.00     4.448
   -26.00     4.393
   -25.00     4.334
   -24.00     4.272
   -23.00     4.207
   -22.00     4.140
   -21.00     4.069
   -20.00     3.996
   -19.00     3.921
   -18.00     3.843
   -17.00     3.764
   -16.00     3.682
   -15.00     3.600
   -14.00     3.516
   -13.00     3.430
   -12.00     3.344
   -11.00     3.258
   -10.00     3.171
    -9.00     3.084
    -8.00     2.996
    -7.00     2.909
    -6.00     2.823
    -5.00     2.737
    -4.00     2.653
    -3.00     2.569
    -2.00     2.487
    -1.00     2.406
     0.00     2.327
     1.00     2.250
     2.00     2.174
     3.00     2.101
     4.00     2.031
     5.00     1.963
     6.00     1.897
     7.00     1.834
     8.00     1.773
     9.00     1.716
    10.00     1.661
    11.00     1.609
    12.00     1.560
    13.00     1.513
    14.00     1.470
    15.00     1.429
    16.00     1.391
    17.00     1.356
    18.00     1.323
    19.00     1.293
    20.00     1.265
    21.00     1.240
    22.00     1.216
    23.00     1.196
    24.00     1.177
    25.00     1.159
    26.00     1.144
    27.00     1.130
    28.00     1.118
    29.00     1.107
    30.00     1.097
    31.00     1.089
    32.00     1.081
    33.00     1.074
    34.00     1.068
    35.00     1.062
    36.00     1.057
    37.00     1.052
    38.00     1.047
    39.00     1.043
    40.00     1.038
    41.00     1.033
    42.00     1.029
    43.00     1.024
    44.00     1.019
    45.00     1.013
    46.00     1.007
    47.00     1.001
    48.00     0.994
    49.00     0.987
    50.00     0.980
    51.00     0.972
    52.00     0.964
    53.00     0.956
    54.00     0.948
    55.00     0.939
    56.00     0.930
    57.00     0.921
    58.00     0.912
    59.00     0.904
    60.00     0.895
    61.00     0.887
    62.00     0.879
    63.00     0.872
    64.00     0.866
    65.00     0.860
    66.00     0.856
    67.00     0.852
    68.00     0.850
    69.00     0.850
    70.00     0.851
    71.00     0.854
    72.00     0.858
    73.00     0.865
    74.00     0.874
    75.00     0.886
    76.00     0.899
    77.00     0.916
    78.00     0.935
    79.00     0.957
    80.00     0.983
    81.00     1.011
    82.00     1.042
    83.00     1.077
    84.00     1.115
    85.00     1.156
    86.00     1.201
    87.00     1.249
    88.00     1.301
    89.00     1.356
    90.00     1.414
  181   2   4   0   3
   -90.00     0.150
   -89.00     0.202
   -88.00     0.262
   -87.00     0.329
   -86.00     0.404
   -85.00     0.485
   -84.00     0.573
   -83.00     0.667
   -82.00     0.767
   -81.00     0.873
   -80.00     0.983
   -79.00     1.097
   -78.00     1.216
   -77.00     1.337
   -76.00     1.461
   -75.00     1.588
   -74.00     1.715
   -73.00     1.844
   -72.00     1.973
   -71.00     2.102
   -70.00     2.230
   -69.00     2.357
   -68.00     2.481
   -67.00     2.604
   -66.00     2.723
   -65.00     2.840
   -64.00     2.952
   -63.00     3.060
   -62.00     3.164
   -61.00     3.262
   -60.00     3.355
   -59.00     3.442
   -58.00     3.524
   -57.00     3.599
   -56.00     3.667
   -55.00     3.729
   -54.00     3.784
   -53.00     3.832
   -52.00     3.872
   -51.00     3.906
   -50.00     3.931
   -49.00     3.949
   -48.00     3.960
   -47.00     3.963
   -46.00     3.958
   -45.00     3.946
   -44.00     3.926
   -43.00     3.899
   -42.00     3.864
   -41.00     3.822
   -40.00     3.773
   -39.00     3.717
   -38.00     3.654
   -37.00     3.584
   -36.00     3.508
   -35.00     3.426
   -34.00     3.338
   -33.00     3.245
   -32.00     3.146
   -31.00     3.043
   -30.00     2.935
   -29.00     2.823
   -28.00     2.707
   -27.00     2.589
   -26.00     2.468
   -25.00     2.345
   -24.00     2.220
   -23.00     2.094
   -22.00     1.968
   -21.00     1.842
   -20.00     1.716
   -19.00     1.592
   -18.00     1.469
   -17.00     1.349
   -16.00     1.232
   -15.00     1.119
   -14.00     1.009
   -13.00     0.904
   -12.00     0.804
   -11.00     0.710
   -10.00     0.622
    -9.00     0.540
    -8.00     0.464
    -7.00     0.396
    -6.00     0.335
    -5.00     0.281
    -4.00     0.235
    -3.00     0.196
    -2.00     0.166
    -1.00     0.142
     0.00     0.127
     1.00     0.119
     2.00     0.118
     3.00     0.125
     4.00     0.138
     5.00     0.158
     6.00     0.185
     7.00     0.217
     8.00     0.255
     9.00     0.298
    10.00     0.345
    11.00     0.397
    12.00     0.453
    13.00     0.512
    14.00     0.574
    15.00     0.639
    16.00     0.705
    17.00     0.774
    18.00     0.843
    19.00     0.913
    20.00     0.983
    21.00     1.053
    22.00     1.122
    23.00     1.190
    24.00     1.257
    25.00     1.323
    26.00     1.386
    27.00     1.447
    28.00     1.506
    29.00     1.562
    30.00     1.614
    31.00     1.664
    32.00     1.710
    33.00     1.752
    34.00     1.790
    35.00     1.824
    36.00     1.854
    37.00     1.880
    38.00     1.902
    39.00     1.919
    40.00     1.931
    41.00     1.939
    42.00     1.942
    43.00     1.941
    44.00     1.935
    45.00     1.924
    46.00     1.909
    47.00     1.889
    48.00     1.865
    49.00     1.836
    50.00     1.803
    51.00     1.766
    52.00     1.725
    53.00     1.680
    54.00     1.632
    55.00     1.579
    56.00     1.524
    57.00     1.465
    58.00     1.404
    59.00     1.340
    60.00     1.274
    61.00     1.205
    62.00     1.135
    63.00     1.064
    64.00     0.992
    65.00     0.919
    66.00     0.846
    67.00     0.773
    68.00     0.701
    69.00     0.630
    70.00     0.560
    71.00     0.493
    72.00     0.427
    73.00     0.365
    74.00     0.307
    75.00     0.252
    76.00     0.201
    77.00     0.155
    78.00     0.114
    79.00     0.079
    80.00     0.050
    81.00     0.027
    82.00     0.011
    83.00     0.002
    84.00     0.000
    85.00     0.006
    86.00     0.019
    87.00     0.040
    88.00     0.069
    89.00     0.106
    90.00     0.150
  181   2   2   0   3
   -90.00     0.448
   -89.00     0.454
   -88.00     0.462
   -87.00     0.469
   -86.00     0.478
   -85.00     0.487
   -84.00     0.497
   -83.00     0.508
   -82.00     0.520
   -81.00     0.533
   -80.00     0.547
   -79.00     0.562
   -78.00     0.578
   -77.00     0.596
   -76.00     0.614
   -75.00     0.634
   -74.00     0.656
   -73.00     0.678
   -72.00     0.702
   -71.00     0.727
   -70.00     0.754
   -69.00     0.782
   -68.00     0.811
   -67.00     0.842
   -66.00     0.875
   -65.00     0.908
   -64.00     0.943
   -63.00     0.979
   -62.00     1.017
   -61.00     1.056
   -60.00     1.095
   -59.00     1.136
   -58.00     1.178
   -57.00     1.221
   -56.00     1.265
   -55.00     1.310
   -54.00     1.355
   -53.00     1.401
   -52.00     1.447
   -51.00     1.494
   -50.00     1.542
   -49.00     1.589
   -48.00     1.636
   -47.00     1.684
   -46.00     1.731
   -45.00     1.778
   -44.00     1.824
   -43.00     1.870
   -42.00     1.916
   -41.00     1.960
   -40.00     2.004
   -39.00     2.047
   -38.00     2.089
   -37.00     2.129
   -36.00     2.168
   -35.00     2.206
   -34.00     2.242
   -33.00     2.276
   -32.00     2.309
   -31.00     2.340
   -30.00     2.368
   -29.00     2.395
   -28.00     2.420
   -27.00     2.443
   -26.00     2.463
   -25.00     2.481
   -24.00     2.497
   -23.00     2.511
   -22.00     2.522
   -21.00     2.530
   -20.00     2.536
   -19.00     2.540
   -18.00     2.541
   -17.00     2.539
   -16.00     2.535
   -15.00     2.529
   -14.00     2.519
   -13.00     2.508
   -12.00     2.494
   -11.00     2.477
   -10.00     2.458
    -9.00     2.437
    -8.00     2.413
    -7.00     2.387
    -6.00     2.359
    -5.00     2.329
    -4.00     2.297
    -3.00     2.263
    -2.00     2.227
    -1.00     2.189
     0.00     2.149
     1.00     2.108
     2.00     2.066
     3.00     2.022
     4.00     1.977
     5.00     1.930
     6.00     1.883
     7.00     1.835
     8.00     1.786
     9.00     1.736
    10.00     1.686
    11.00     1.635
    12.00     1.584
    13.00     1.533
    14.00     1.482
    15.00     1.432
    16.00     1.381
    17.00     1.331
    18.00     1.281
    19.00     1.232
    20.00     1.183
    21.00     1.135
    22.00     1.089
    23.00     1.043
    24.00     0.998
    25.00     0.955
    26.00     0.913
    27.00     0.872
    28.00     0.832
    29.00     0.794
    30.00     0.757
    31.00     0.722
    32.00     0.689
    33.00     0.657
    34.00     0.627
    35.00     0.598
    36.00     0.571
    37.00     0.546
    38.00     0.522
    39.00     0.500
    40.00     0.480
    41.00     0.461
    42.00     0.444
    43.00     0.428
    44.00     0.414
    45.00     0.401
    46.00     0.390
    47.00     0.379
    48.00     0.371
    49.00     0.363
    50.00     0.356
    51.00     0.351
    52.00     0.346
    53.00     0.343
    54.00     0.340
    55.00     0.338
    56.00     0.337
    57.00     0.337
    58.00     0.337
    59.00     0.338
    60.00     0.339
    61.00     0.341
    62.00     0.343
    63.00     0.345
    64.00     0.348
    65.00     0.351
    66.00     0.354
    67.00     0.357
    68.00     0.360
    69.00     0.363
    70.00     0.367
    71.00     0.370
    72.00     0.374
    73.00     0.377
    74.00     0.381
    75.00     0.384
    76.00     0.388
    77.00     0.391
    78.00     0.395
    79.00     0.398
    80.00     0.402
    81.00     0.405
    82.00     0.409
    83.00     0.413
    84.00     0.417
    85.00     0.421
    86.00     0.426
    87.00     0.431
    88.00     0.436
    89.00     0.442
    90.00     0.448
  181   2   3   0   1
   -90.00     6.908
   -89.00     6.908
   -88.00     6.908
   -87.00     6.908
   -86.00     6.908
   -85.00     6.908
   -84.00     6.908
   -83.00     6.908
   -82.00     6.908
   -81.00     6.908
   -80.00     6.908
   -79.00     6.908
   -78.00     6.908
   -77.00     6.908
   -76.00     6.908
   -75.00     6.908
   -74.00     6.908
   -73.00     6.908
   -72.00     6.908
   -71.00     6.908
   -70.00     6.908
   -69.00     6.908
   -68.00     6.908
   -67.00     6.908
   -66.00     6.908
   -65.00     6.908
   -64.00     6.908
   -63.00     6.908
   -62.00     6.908
   -61.00     6.908
   -60.00     6.908
   -59.00     6.908
   -58.00     6.908
   -57.00     6.908
   -56.00     6.908
   -55.00     6.908
   -54.00     6.908
   -53.00     6.908
   -52.00     6.908
   -51.00     6.908
   -50.00     6.908
   -49.00     6.908
   -48.00     6.908
   -47.00     6.908
   -46.00     6.908
   -45.00     6.908
   -44.00     6.908
   -43.00     6.908
   -42.00     6.908
   -41.00     6.908
   -40.00     6.908
   -39.00     6.908
   -38.00     6.908
   -37.00     6.908
   -36.00     6.908
   -35.00     6.908
   -34.00     6.908
   -33.00     6.908
   -32.00     6.908
   -31.00     6.908
   -30.00     6.908
   -29.00     6.908
   -28.00     6.908
   -27.00     6.908
   -26.00     6.908
   -25.00     6.908
   -24.00     6.908
   -23.00     6.908
   -22.00     6.908
   -21.00     6.908
   -20.00     6.908
   -19.00     6.908
   -18.00     6.908
   -17.00     6.908
   -16.00     6.908
   -15.00     6.908
   -14.00     6.908
   -13.00     6.908
   -12.00     6.908
   -11.00     6.908
   -10.00     6.908
    -9.00     6.908
    -8.00     6.908
    -7.00     6.908
    -6.00     6.908
    -5.00     6.908
    -4.00     6.908
    -3.00     6.908
    -2.00     6.908
    -1.00     6.908
     0.00     6.908
     1.00     6.908
     2.00     6.908
     3.00     6.908
     4.00     6.908
     5.00     6.908
     6.00     6.908
     7.00     6.908
     8.00     6.908
     9.00     6.908
    10.00     6.908
    11.00     6.908
    12.00     6.908
    13.00     6.908
    14.00     6.908
    15.00     6.908
    16.00     6.908
    17.00     6.908
    18.00     6.908
    19.00     6.908
    20.00     6.908
    21.00     6.908
    22.00     6.908
    23.00     6.908
    24.00     6.908
    25.00     6.908
    26.00     6.908
    27.00     6.908
    28.00     6.908
    29.00     6.908
    30.00     6.908
    31.00     6.908
    32.00     6.908
    33.00     6.908
    34.00     6.908
    35.00     6.908
    36.00     6.908
    37.00     6.908
    38.00     6.908
    39.00     6.908
    40.00     6.908
    41.00     6.908
    42.00     6.908
    43.00     6.908
    44.00     6.908
    45.00     6.908
    46.00     6.908
    47.00     6.908
    48.00     6.908
    49.00     6.908
    50.00     6.908
    51.00     6.908
    52.00     6.908
    53.00     6.908
    54.00     6.908
    55.00     6.908
    56.00     6.908
    57.00     6.908
    58.00     6.908
    59.00     6.908
    60.00     6.908
    61.00     6.908
    62.00     6.908
    63.00     6.908
    64.00     6.908
    65.00     6.908
    66.00     6.908
    67.00     6.908
    68.00     6.908
    69.00     6.908
    70.00     6.908
    71.00     6.908
    72.00     6.908
    73.00     6.908
    74.00     6.908
    75.00     6.908
    76.00     6.908
    77.00     6.908
    78.00     6.908
    79.00     6.908
    80.00     6.908
    81.00     6.908
    82.00     6.908
    83.00     6.908
    84.00     6.908
    85.00     6.908
    86.00     6.908
    87.00     6.908
    88.00     6.908
    89.00     6.908
    90.00     6.908
