  181   2   1   0   3
   -90.00     4.603
   -89.00     4.710
   -88.00     4.817
   -87.00     4.924
   -86.00     5.031
   -85.00     5.138
   -84.00     5.245
   -83.00     5.351
   -82.00     5.457
   -81.00     5.561
   -80.00     5.665
   -79.00     5.767
   -78.00     5.869
   -77.00     5.968
   -76.00     6.067
   -75.00     6.163
   -74.00     6.258
   -73.00     6.351
   -72.00     6.442
   -71.00     6.531
   -70.00     6.617
   -69.00     6.701
   -68.00     6.783
   -67.00     6.862
   -66.00     6.939
   -65.00     7.012
   -64.00     7.083
   -63.00     7.151
   -62.00     7.216
   -61.00     7.278
   -60.00     7.336
   -59.00     7.392
   -58.00     7.444
   -57.00     7.493
   -56.00     7.538
   -55.00     7.581
   -54.00     7.619
   -53.00     7.654
   -52.00     7.686
   -51.00     7.714
   -50.00     7.738
   -49.00     7.759
   -48.00     7.776
   -47.00     7.790
   -46.00     7.799
   -45.00     7.805
   -44.00     7.808
   -43.00     7.806
   -42.00     7.801
   -41.00     7.792
   -40.00     7.780
   -39.00     7.763
   -38.00     7.744
   -37.00     7.720
   -36.00     7.693
   -35.00     7.662
   -34.00     7.627
   -33.00     7.589
   -32.00     7.547
   -31.00     7.502
   -30.00     7.454
   -29.00     7.401
   -28.00     7.346
   -27.00     7.287
   -26.00     7.225
   -25.00     7.160
   -24.00     7.092
   -23.00     7.020
   -22.00     6.946
   -21.00     6.869
   -20.00     6.789
   -19.00     6.706
   -18.00     6.621
   -17.00     6.534
   -16.00     6.443
   -15.00     6.351
   -14.00     6.257
   -13.00     6.160
   -12.00     6.062
   -11.00     5.962
   -10.00     5.860
    -9.00     5.757
    -8.00     5.652
    -7.00     5.547
    -6.00     5.440
    -5.00     5.333
    -4.00     5.225
    -3.00     5.116
    -2.00     5.007
    -1.00     4.898
     0.00     4.788
     1.00     4.679
     2.00     4.570
     3.00     4.462
     4.00     4.354
     5.00     4.247
     6.00     4.142
     7.00     4.037
     8.00     3.933
     9.00     3.831
    10.00     3.731
    11.00     3.632
    12.00     3.535
    13.00     3.440
    14.00     3.347
    15.00     3.256
    16.00     3.168
    17.00     3.082
    18.00     2.998
    19.00     2.917
    20.00     2.839
    21.00     2.763
    22.00     2.691
    23.00     2.621
    24.00     2.554
    25.00     2.490
    26.00     2.429
    27.00     2.371
    28.00     2.316
    29.00     2.264
    30.00     2.215
    31.00     2.169
    32.00     2.126
    33.00     2.087
    34.00     2.050
    35.00     2.017
    36.00     1.986
    37.00     1.959
    38.00     1.934
    39.00     1.913
    40.00     1.895
    41.00     1.880
    42.00     1.867
    43.00     1.858
    44.00     1.852
    45.00     1.849
    46.00     1.848
    47.00     1.851
    48.00     1.857
    49.00     1.865
    50.00     1.877
    51.00     1.892
    52.00     1.909
    53.00     1.930
    54.00     1.954
    55.00     1.980
    56.00     2.010
    57.00     2.042
    58.00     2.078
    59.00     2.117
    60.00     2.158
    61.00     2.203
    62.00     2.250
    63.00     2.301
    64.00     2.355
    65.00     2.411
    66.00     2.471
    67.00     2.533
    68.00     2.598
    69.00     2.666
    70.00     2.737
    71.00     2.810
    72.00     2.886
    73.00     2.965
    74.00     3.046
    75.00     3.130
    76.00     3.216
    77.00     3.304
    78.00     3.394
    79.00     3.487
    80.00     3.581
    81.00     3.677
    82.00     3.775
    83.00     3.875
    84.00     3.975
    85.00     4.078
    86.00     4.181
    87.00     4.285
    88.00     4.391
    89.00     4.496
    90.00     4.603
  181   2   4   0   3
   -90.00     1.603
   -89.00     1.740
   -88.00     1.881
   -87.00     2.026
   -86.00     2.173
   -85.00     2.322
   -84.00     2.473
   -83.00     2.626
   -82.00     2.780
   -81.00     2.934
   -80.00     3.088
   -79.00     3.241
   -78.00     3.394
   -77.00     3.545
   -76.00     3.695
   -75.00     3.842
   -74.00     3.986
   -73.00     4.127
   -72.00     4.265
   -71.00     4.399
   -70.00     4.528
   -69.00     4.653
   -68.00     4.773
   -67.00     4.888
   -66.00     4.998
   -65.00     5.101
   -64.00     5.199
   -63.00     5.290
   -62.00     5.375
   -61.00     5.454
   -60.00     5.525
   -59.00     5.589
   -58.00     5.647
   -57.00     5.697
   -56.00     5.739
   -55.00     5.775
   -54.00     5.802
   -53.00     5.822
   -52.00     5.835
   -51.00     5.840
   -50.00     5.837
   -49.00     5.826
   -48.00     5.807
   -47.00     5.781
   -46.00     5.748
   -45.00     5.707
   -44.00     5.658
   -43.00     5.602
   -42.00     5.538
   -41.00     5.468
   -40.00     5.391
   -39.00     5.306
   -38.00     5.215
   -37.00     5.118
   -36.00     5.014
   -35.00     4.905
   -34.00     4.790
   -33.00     4.669
   -32.00     4.543
   -31.00     4.413
   -30.00     4.278
   -29.00     4.138
   -28.00     3.996
   -27.00     3.850
   -26.00     3.701
   -25.00     3.549
   -24.00     3.396
   -23.00     3.241
   -22.00     3.085
   -21.00     2.929
   -20.00     2.772
   -19.00     2.616
   -18.00     2.461
   -17.00     2.307
   -16.00     2.156
   -15.00     2.006
   -14.00     1.860
   -13.00     1.717
   -12.00     1.578
   -11.00     1.443
   -10.00     1.313
    -9.00     1.188
    -8.00     1.068
    -7.00     0.954
    -6.00     0.846
    -5.00     0.744
    -4.00     0.649
    -3.00     0.560
    -2.00     0.478
    -1.00     0.402
     0.00     0.334
     1.00     0.272
     2.00     0.217
     3.00     0.169
     4.00     0.127
     5.00     0.091
     6.00     0.062
     7.00     0.039
     8.00     0.021
     9.00     0.009
    10.00     0.002
    11.00     0.000
    12.00     0.002
    13.00     0.008
    14.00     0.018
    15.00     0.032
    16.00     0.048
    17.00     0.067
    18.00     0.088
    19.00     0.111
    20.00     0.135
    21.00     0.160
    22.00     0.186
    23.00     0.213
    24.00     0.239
    25.00     0.265
    26.00     0.291
    27.00     0.316
    28.00     0.339
    29.00     0.362
    30.00     0.382
    31.00     0.401
    32.00     0.418
    33.00     0.433
    34.00     0.446
    35.00     0.456
    36.00     0.464
    37.00     0.470
    38.00     0.472
    39.00     0.473
    40.00     0.470
    41.00     0.465
    42.00     0.458
    43.00     0.448
    44.00     0.436
    45.00     0.422
    46.00     0.405
    47.00     0.387
    48.00     0.366
    49.00     0.344
    50.00     0.321
    51.00     0.297
    52.00     0.272
    53.00     0.246
    54.00     0.220
    55.00     0.193
    56.00     0.168
    57.00     0.142
    58.00     0.118
    59.00     0.095
    60.00     0.074
    61.00     0.054
    62.00     0.037
    63.00     0.023
    64.00     0.012
    65.00     0.004
    66.00     0.000
    67.00     0.001
    68.00     0.006
    69.00     0.015
    70.00     0.030
    71.00     0.050
    72.00     0.076
    73.00     0.108
    74.00     0.145
    75.00     0.189
    76.00     0.240
    77.00     0.296
    78.00     0.360
    79.00     0.430
    80.00     0.506
    81.00     0.589
    82.00     0.679
    83.00     0.774
    84.00     0.876
    85.00     0.984
    86.00     1.098
    87.00     1.217
    88.00     1.341
    89.00     1.470
    90.00     1.603
  181   2   2   0   3
   -90.00     1.094
   -89.00     1.138
   -88.00     1.185
   -87.00     1.232
   -86.00     1.281
   -85.00     1.332
   -84.00     1.383
   -83.00     1.436
   -82.00     1.491
   -81.00     1.546
   -80.00     1.603
   -79.00     1.660
   -78.00     1.719
   -77.00     1.778
   -76.00     1.838
   -75.00     1.899
   -74.00     1.960
   -73.00     2.022
   -72.00     2.085
   -71.00     2.147
   -70.00     2.210
   -69.00     2.273
   -68.00     2.336
   -67.00     2.399
   -66.00     2.461
   -65.00     2.524
   -64.00     2.585
   -63.00     2.647
   -62.00     2.707
   -61.00     2.767
   -60.00     2.825
   -59.00     2.883
   -58.00     2.940
   -57.00     2.995
   -56.00     3.049
   -55.00     3.101
   -54.00     3.152
   -53.00     3.201
   -52.00     3.249
   -51.00     3.294
   -50.00     3.338
   -49.00     3.380
   -48.00     3.419
   -47.00     3.456
   -46.00     3.491
   -45.00     3.524
   -44.00     3.554
   -43.00     3.582
   -42.00     3.607
   -41.00     3.629
   -40.00     3.649
   -39.00     3.667
   -38.00     3.681
   -37.00     3.693
   -36.00     3.702
   -35.00     3.709
   -34.00     3.712
   -33.00     3.713
   -32.00     3.711
   -31.00     3.707
   -30.00     3.699
   -29.00     3.689
   -28.00     3.676
   -27.00     3.660
   -26.00     3.642
   -25.00     3.621
   -24.00     3.597
   -23.00     3.571
   -22.00     3.542
   -21.00     3.511
   -20.00     3.478
   -19.00     3.442
   -18.00     3.404
   -17.00     3.364
   -16.00     3.321
   -15.00     3.277
   -14.00     3.231
   -13.00     3.183
   -12.00     3.133
   -11.00     3.081
   -10.00     3.028
    -9.00     2.974
    -8.00     2.918
    -7.00     2.861
    -6.00     2.803
    -5.00     2.744
    -4.00     2.684
    -3.00     2.624
    -2.00     2.562
    -1.00     2.501
     0.00     2.438
     1.00     2.376
     2.00     2.313
     3.00     2.250
     4.00     2.187
     5.00     2.125
     6.00     2.062
     7.00     2.000
     8.00     1.938
     9.00     1.877
    10.00     1.817
    11.00     1.757
    12.00     1.698
    13.00     1.640
    14.00     1.583
    15.00     1.527
    16.00     1.472
    17.00     1.418
    18.00     1.366
    19.00     1.314
    20.00     1.265
    21.00     1.216
    22.00     1.169
    23.00     1.123
    24.00     1.079
    25.00     1.037
    26.00     0.996
    27.00     0.956
    28.00     0.918
    29.00     0.881
    30.00     0.846
    31.00     0.813
    32.00     0.781
    33.00     0.751
    34.00     0.722
    35.00     0.694
    36.00     0.668
    37.00     0.644
    38.00     0.621
    39.00     0.599
    40.00     0.579
    41.00     0.560
    42.00     0.542
    43.00     0.526
    44.00     0.511
    45.00     0.497
    46.00     0.484
    47.00     0.473
    48.00     0.463
    49.00     0.454
    50.00     0.446
    51.00     0.439
    52.00     0.433
    53.00     0.429
    54.00     0.425
    55.00     0.423
    56.00     0.421
    57.00     0.421
    58.00     0.422
    59.00     0.423
    60.00     0.426
    61.00     0.430
    62.00     0.435
    63.00     0.441
    64.00     0.448
    65.00     0.456
    66.00     0.466
    67.00     0.476
    68.00     0.488
    69.00     0.501
    70.00     0.515
    71.00     0.531
    72.00     0.548
    73.00     0.566
    74.00     0.585
    75.00     0.606
    76.00     0.628
    77.00     0.651
    78.00     0.676
    79.00     0.703
    80.00     0.731
    81.00     0.760
    82.00     0.791
    83.00     0.824
    84.00     0.857
    85.00     0.893
    86.00     0.930
    87.00     0.969
    88.00     1.009
    89.00     1.051
    90.00     1.094
  181   2   3   0   1
   -90.00    10.827
   -89.00    10.827
   -88.00    10.827
   -87.00    10.827
   -86.00    10.827
   -85.00    10.827
   -84.00    10.827
   -83.00    10.827
   -82.00    10.827
   -81.00    10.827
   -80.00    10.827
   -79.00    10.827
   -78.00    10.827
   -77.00    10.827
   -76.00    10.827
   -75.00    10.827
   -74.00    10.827
   -73.00    10.827
   -72.00    10.827
   -71.00    10.827
   -70.00    10.827
   -69.00    10.827
   -68.00    10.827
   -67.00    10.827
   -66.00    10.827
   -65.00    10.827
   -64.00    10.827
   -63.00    10.827
   -62.00    10.827
   -61.00    10.827
   -60.00    10.827
   -59.00    10.827
   -58.00    10.827
   -57.00    10.827
   -56.00    10.827
   -55.00    10.827
   -54.00    10.827
   -53.00    10.827
   -52.00    10.827
   -51.00    10.827
   -50.00    10.827
   -49.00    10.827
   -48.00    10.827
   -47.00    10.827
   -46.00    10.827
   -45.00    10.827
   -44.00    10.827
   -43.00    10.827
   -42.00    10.827
   -41.00    10.827
   -40.00    10.827
   -39.00    10.827
   -38.00    10.827
   -37.00    10.827
   -36.00    10.827
   -35.00    10.827
   -34.00    10.827
   -33.00    10.827
   -32.00    10.827
   -31.00    10.827
   -30.00    10.827
   -29.00    10.827
   -28.00    10.827
   -27.00    10.827
   -26.00    10.827
   -25.00    10.827
   -24.00    10.827
   -23.00    10.827
   -22.00    10.827
   -21.00    10.827
   -20.00    10.827
   -19.00    10.827
   -18.00    10.827
   -17.00    10.827
   -16.00    10.827
   -15.00    10.827
   -14.00    10.827
   -13.00    10.827
   -12.00    10.827
   -11.00    10.827
   -10.00    10.827
    -9.00    10.827
    -8.00    10.827
    -7.00    10.827
    -6.00    10.827
    -5.00    10.827
    -4.00    10.827
    -3.00    10.827
    -2.00    10.827
    -1.00    10.827
     0.00    10.827
     1.00    10.827
     2.00    10.827
     3.00    10.827
     4.00    10.827
     5.00    10.827
     6.00    10.827
     7.00    10.827
     8.00    10.827
     9.00    10.827
    10.00    10.827
    11.00    10.827
    12.00    10.827
    13.00    10.827
    14.00    10.827
    15.00    10.827
    16.00    10.827
    17.00    10.827
    18.00    10.827
    19.00    10.827
    20.00    10.827
    21.00    10.827
    22.00    10.827
    23.00    10.827
    24.00    10.827
    25.00    10.827
    26.00    10.827
    27.00    10.827
    28.00    10.827
    29.00    10.827
    30.00    10.827
    31.00    10.827
    32.00    10.827
    33.00    10.827
    34.00    10.827
    35.00    10.827
    36.00    10.827
    37.00    10.827
    38.00    10.827
    39.00    10.827
    40.00    10.827
    41.00    10.827
    42.00    10.827
    43.00    10.827
    44.00    10.827
    45.00    10.827
    46.00    10.827
    47.00    10.827
    48.00    10.827
    49.00    10.827
    50.00    10.827
    51.00    10.827
    52.00    10.827
    53.00    10.827
    54.00    10.827
    55.00    10.827
    56.00    10.827
    57.00    10.827
    58.00    10.827
    59.00    10.827
    60.00    10.827
    61.00    10.827
    62.00    10.827
    63.00    10.827
    64.00    10.827
    65.00    10.827
    66.00    10.827
    67.00    10.827
    68.00    10.827
    69.00    10.827
    70.00    10.827
    71.00    10.827
    72.00    10.827
    73.00    10.827
    74.00    10.827
    75.00    10.827
    76.00    10.827
    77.00    10.827
    78.00    10.827
    79.00    10.827
    80.00    10.827
    81.00    10.827
    82.00    10.827
    83.00    10.827
    84.00    10.827
    85.00    10.827
    86.00    10.827
    87.00    10.827
    88.00    10.827
    89.00    10.827
    90.00    10.827
