  181   2   1   0   3
   -90.00     0.324
   -89.00     0.378
   -88.00     0.451
   -87.00     0.544
   -86.00     0.656
   -85.00     0.788
   -84.00     0.938
   -83.00     1.106
   -82.00     1.291
   -81.00     1.494
   -80.00     1.712
   -79.00     1.946
   -78.00     2.194
   -77.00     2.454
   -76.00     2.727
   -75.00     3.011
   -74.00     3.304
   -73.00     3.606
   -72.00     3.915
   -71.00     4.229
   -70.00     4.548
   -69.00     4.870
   -68.00     5.193
   -67.00     5.517
   -66.00     5.840
   -65.00     6.161
   -64.00     6.477
   -63.00     6.789
   -62.00     7.095
   -61.00     7.393
   -60.00     7.682
   -59.00     7.962
   -58.00     8.230
   -57.00     8.487
   -56.00     8.731
   -55.00     8.961
   -54.00     9.176
   -53.00     9.376
   -52.00     9.560
   -51.00     9.727
   -50.00     9.876
   -49.00    10.007
   -48.00    10.120
   -47.00    10.214
   -46.00    10.288
   -45.00    10.344
   -44.00    10.380
   -43.00    10.396
   -42.00    10.392
   -41.00    10.369
   -40.00    10.327
   -39.00    10.265
   -38.00    10.184
   -37.00    10.084
   -36.00     9.966
   -35.00     9.831
   -34.00     9.678
   -33.00     9.509
   -32.00     9.323
   -31.00     9.123
   -30.00     8.908
   -29.00     8.680
   -28.00     8.439
   -27.00     8.186
   -26.00     7.923
   -25.00     7.651
   -24.00     7.370
   -23.00     7.083
   -22.00     6.789
   -21.00     6.490
   -20.00     6.189
   -19.00     5.885
   -18.00     5.580
   -17.00     5.276
   -16.00     4.973
   -15.00     4.674
   -14.00     4.379
   -13.00     4.090
   -12.00     3.808
   -11.00     3.534
   -10.00     3.269
    -9.00     3.015
    -8.00     2.773
    -7.00     2.543
    -6.00     2.327
    -5.00     2.125
    -4.00     1.939
    -3.00     1.769
    -2.00     1.615
    -1.00     1.479
     0.00     1.360
     1.00     1.260
     2.00     1.178
     3.00     1.114
     4.00     1.068
     5.00     1.041
     6.00     1.033
     7.00     1.042
     8.00     1.069
     9.00     1.113
    10.00     1.173
    11.00     1.250
    12.00     1.342
    13.00     1.448
    14.00     1.568
    15.00     1.700
    16.00     1.844
    17.00     1.999
    18.00     2.163
    19.00     2.335
    20.00     2.515
    21.00     2.701
    22.00     2.891
    23.00     3.086
    24.00     3.282
    25.00     3.480
    26.00     3.678
    27.00     3.875
    28.00     4.070
    29.00     4.261
    30.00     4.448
    31.00     4.629
    32.00     4.804
    33.00     4.971
    34.00     5.130
    35.00     5.279
    36.00     5.418
    37.00     5.547
    38.00     5.663
    39.00     5.768
    40.00     5.860
    41.00     5.938
    42.00     6.003
    43.00     6.054
    44.00     6.090
    45.00     6.111
    46.00     6.118
    47.00     6.110
    48.00     6.087
    49.00     6.050
    50.00     5.997
    51.00     5.930
    52.00     5.849
    53.00     5.754
    54.00     5.645
    55.00     5.524
    56.00     5.390
    57.00     5.244
    58.00     5.087
    59.00     4.920
    60.00     4.743
    61.00     4.557
    62.00     4.363
    63.00     4.163
    64.00     3.957
    65.00     3.746
    66.00     3.531
    67.00     3.314
    68.00     3.095
    69.00     2.876
    70.00     2.659
    71.00     2.444
    72.00     2.232
    73.00     2.025
    74.00     1.824
    75.00     1.631
    76.00     1.446
    77.00     1.271
    78.00     1.107
    79.00     0.954
    80.00     0.815
    81.00     0.690
    82.00     0.579
    83.00     0.485
    84.00     0.407
    85.00     0.347
    86.00     0.304
    87.00     0.281
    88.00     0.276
    89.00     0.290
    90.00     0.324
  181   2   4   0   3
   -90.00     3.125
   -89.00     2.708
   -88.00     2.335
   -87.00     2.006
   -86.00     1.721
   -85.00     1.480
   -84.00     1.281
   -83.00     1.125
   -82.00     1.010
   -81.00     0.935
   -80.00     0.898
   -79.00     0.897
   -78.00     0.930
   -77.00     0.996
   -76.00     1.091
   -75.00     1.214
   -74.00     1.362
   -73.00     1.531
   -72.00     1.720
   -71.00     1.926
   -70.00     2.145
   -69.00     2.376
   -68.00     2.615
   -67.00     2.860
   -66.00     3.108
   -65.00     3.356
   -64.00     3.603
   -63.00     3.845
   -62.00     4.080
   -61.00     4.307
   -60.00     4.524
   -59.00     4.727
   -58.00     4.917
   -57.00     5.090
   -56.00     5.247
   -55.00     5.384
   -54.00     5.502
   -53.00     5.599
   -52.00     5.675
   -51.00     5.729
   -50.00     5.760
   -49.00     5.768
   -48.00     5.753
   -47.00     5.715
   -46.00     5.654
   -45.00     5.570
   -44.00     5.464
   -43.00     5.337
   -42.00     5.190
   -41.00     5.023
   -40.00     4.837
   -39.00     4.635
   -38.00     4.416
   -37.00     4.184
   -36.00     3.940
   -35.00     3.685
   -34.00     3.421
   -33.00     3.152
   -32.00     2.879
   -31.00     2.604
   -30.00     2.330
   -29.00     2.060
   -28.00     1.796
   -27.00     1.541
   -26.00     1.298
   -25.00     1.069
   -24.00     0.857
   -23.00     0.666
   -22.00     0.497
   -21.00     0.354
   -20.00     0.239
   -19.00     0.155
   -18.00     0.103
   -17.00     0.087
   -16.00     0.108
   -15.00     0.168
   -14.00     0.269
   -13.00     0.411
   -12.00     0.597
   -11.00     0.827
   -10.00     1.102
    -9.00     1.422
    -8.00     1.788
    -7.00     2.198
    -6.00     2.652
    -5.00     3.150
    -4.00     3.690
    -3.00     4.272
    -2.00     4.893
    -1.00     5.551
     0.00     6.245
     1.00     6.972
     2.00     7.730
     3.00     8.516
     4.00     9.328
     5.00    10.162
     6.00    11.015
     7.00    11.885
     8.00    12.769
     9.00    13.662
    10.00    14.563
    11.00    15.468
    12.00    16.374
    13.00    17.278
    14.00    18.178
    15.00    19.070
    16.00    19.951
    17.00    20.820
    18.00    21.672
    19.00    22.507
    20.00    23.322
    21.00    24.114
    22.00    24.881
    23.00    25.622
    24.00    26.335
    25.00    27.017
    26.00    27.668
    27.00    28.286
    28.00    28.869
    29.00    29.417
    30.00    29.928
    31.00    30.402
    32.00    30.836
    33.00    31.231
    34.00    31.586
    35.00    31.899
    36.00    32.172
    37.00    32.402
    38.00    32.590
    39.00    32.735
    40.00    32.838
    41.00    32.897
    42.00    32.913
    43.00    32.886
    44.00    32.816
    45.00    32.703
    46.00    32.547
    47.00    32.349
    48.00    32.108
    49.00    31.826
    50.00    31.503
    51.00    31.139
    52.00    30.735
    53.00    30.293
    54.00    29.812
    55.00    29.294
    56.00    28.740
    57.00    28.151
    58.00    27.529
    59.00    26.874
    60.00    26.189
    61.00    25.474
    62.00    24.733
    63.00    23.966
    64.00    23.176
    65.00    22.365
    66.00    21.535
    67.00    20.689
    68.00    19.829
    69.00    18.957
    70.00    18.076
    71.00    17.190
    72.00    16.301
    73.00    15.412
    74.00    14.526
    75.00    13.646
    76.00    12.775
    77.00    11.916
    78.00    11.072
    79.00    10.247
    80.00     9.443
    81.00     8.662
    82.00     7.909
    83.00     7.185
    84.00     6.493
    85.00     5.836
    86.00     5.214
    87.00     4.631
    88.00     4.087
    89.00     3.585
    90.00     3.125
  181   2   2   0   3
   -90.00     4.451
   -89.00     4.267
   -88.00     4.081
   -87.00     3.893
   -86.00     3.705
   -85.00     3.516
   -84.00     3.328
   -83.00     3.141
   -82.00     2.956
   -81.00     2.773
   -80.00     2.593
   -79.00     2.417
   -78.00     2.245
   -77.00     2.077
   -76.00     1.915
   -75.00     1.759
   -74.00     1.609
   -73.00     1.465
   -72.00     1.329
   -71.00     1.199
   -70.00     1.078
   -69.00     0.964
   -68.00     0.859
   -67.00     0.762
   -66.00     0.674
   -65.00     0.594
   -64.00     0.523
   -63.00     0.461
   -62.00     0.407
   -61.00     0.362
   -60.00     0.326
   -59.00     0.298
   -58.00     0.278
   -57.00     0.266
   -56.00     0.262
   -55.00     0.265
   -54.00     0.275
   -53.00     0.291
   -52.00     0.314
   -51.00     0.343
   -50.00     0.377
   -49.00     0.415
   -48.00     0.458
   -47.00     0.505
   -46.00     0.555
   -45.00     0.609
   -44.00     0.664
   -43.00     0.721
   -42.00     0.779
   -41.00     0.838
   -40.00     0.898
   -39.00     0.957
   -38.00     1.015
   -37.00     1.072
   -36.00     1.127
   -35.00     1.180
   -34.00     1.230
   -33.00     1.277
   -32.00     1.321
   -31.00     1.362
   -30.00     1.398
   -29.00     1.430
   -28.00     1.457
   -27.00     1.480
   -26.00     1.498
   -25.00     1.510
   -24.00     1.518
   -23.00     1.520
   -22.00     1.517
   -21.00     1.508
   -20.00     1.494
   -19.00     1.476
   -18.00     1.452
   -17.00     1.423
   -16.00     1.389
   -15.00     1.351
   -14.00     1.309
   -13.00     1.262
   -12.00     1.212
   -11.00     1.159
   -10.00     1.103
    -9.00     1.044
    -8.00     0.983
    -7.00     0.920
    -6.00     0.856
    -5.00     0.792
    -4.00     0.727
    -3.00     0.663
    -2.00     0.599
    -1.00     0.537
     0.00     0.477
     1.00     0.419
     2.00     0.364
     3.00     0.313
     4.00     0.265
     5.00     0.223
     6.00     0.185
     7.00     0.153
     8.00     0.127
     9.00     0.107
    10.00     0.094
    11.00     0.088
    12.00     0.090
    13.00     0.100
    14.00     0.118
    15.00     0.145
    16.00     0.180
    17.00     0.224
    18.00     0.276
    19.00     0.338
    20.00     0.409
    21.00     0.489
    22.00     0.577
    23.00     0.675
    24.00     0.781
    25.00     0.896
    26.00     1.019
    27.00     1.150
    28.00     1.289
    29.00     1.435
    30.00     1.587
    31.00     1.746
    32.00     1.911
    33.00     2.082
    34.00     2.257
    35.00     2.437
    36.00     2.621
    37.00     2.808
    38.00     2.997
    39.00     3.188
    40.00     3.380
    41.00     3.573
    42.00     3.766
    43.00     3.959
    44.00     4.149
    45.00     4.338
    46.00     4.524
    47.00     4.707
    48.00     4.886
    49.00     5.060
    50.00     5.229
    51.00     5.392
    52.00     5.549
    53.00     5.699
    54.00     5.842
    55.00     5.976
    56.00     6.103
    57.00     6.220
    58.00     6.329
    59.00     6.428
    60.00     6.517
    61.00     6.596
    62.00     6.664
    63.00     6.722
    64.00     6.769
    65.00     6.805
    66.00     6.830
    67.00     6.843
    68.00     6.846
    69.00     6.837
    70.00     6.817
    71.00     6.786
    72.00     6.744
    73.00     6.692
    74.00     6.628
    75.00     6.554
    76.00     6.470
    77.00     6.377
    78.00     6.273
    79.00     6.161
    80.00     6.039
    81.00     5.910
    82.00     5.772
    83.00     5.627
    84.00     5.475
    85.00     5.317
    86.00     5.153
    87.00     4.984
    88.00     4.810
    89.00     4.632
    90.00     4.451
  181   2   3   0   1
   -90.00     4.616
   -89.00     4.616
   -88.00     4.616
   -87.00     4.616
   -86.00     4.616
   -85.00     4.616
   -84.00     4.616
   -83.00     4.616
   -82.00     4.616
   -81.00     4.616
   -80.00     4.616
   -79.00     4.616
   -78.00     4.616
   -77.00     4.616
   -76.00     4.616
   -75.00     4.616
   -74.00     4.616
   -73.00     4.616
   -72.00     4.616
   -71.00     4.616
   -70.00     4.616
   -69.00     4.616
   -68.00     4.616
   -67.00     4.616
   -66.00     4.616
   -65.00     4.616
   -64.00     4.616
   -63.00     4.616
   -62.00     4.616
   -61.00     4.616
   -60.00     4.616
   -59.00     4.616
   -58.00     4.616
   -57.00     4.616
   -56.00     4.616
   -55.00     4.616
   -54.00     4.616
   -53.00     4.616
   -52.00     4.616
   -51.00     4.616
   -50.00     4.616
   -49.00     4.616
   -48.00     4.616
   -47.00     4.616
   -46.00     4.616
   -45.00     4.616
   -44.00     4.616
   -43.00     4.616
   -42.00     4.616
   -41.00     4.616
   -40.00     4.616
   -39.00     4.616
   -38.00     4.616
   -37.00     4.616
   -36.00     4.616
   -35.00     4.616
   -34.00     4.616
   -33.00     4.616
   -32.00     4.616
   -31.00     4.616
   -30.00     4.616
   -29.00     4.616
   -28.00     4.616
   -27.00     4.616
   -26.00     4.616
   -25.00     4.616
   -24.00     4.616
   -23.00     4.616
   -22.00     4.616
   -21.00     4.616
   -20.00     4.616
   -19.00     4.616
   -18.00     4.616
   -17.00     4.616
   -16.00     4.616
   -15.00     4.616
   -14.00     4.616
   -13.00     4.616
   -12.00     4.616
   -11.00     4.616
   -10.00     4.616
    -9.00     4.616
    -8.00     4.616
    -7.00     4.616
    -6.00     4.616
    -5.00     4.616
    -4.00     4.616
    -3.00     4.616
    -2.00     4.616
    -1.00     4.616
     0.00     4.616
     1.00     4.616
     2.00     4.616
     3.00     4.616
     4.00     4.616
     5.00     4.616
     6.00     4.616
     7.00     4.616
     8.00     4.616
     9.00     4.616
    10.00     4.616
    11.00     4.616
    12.00     4.616
    13.00     4.616
    14.00     4.616
    15.00     4.616
    16.00     4.616
    17.00     4.616
    18.00     4.616
    19.00     4.616
    20.00     4.616
    21.00     4.616
    22.00     4.616
    23.00     4.616
    24.00     4.616
    25.00     4.616
    26.00     4.616
    27.00     4.616
    28.00     4.616
    29.00     4.616
    30.00     4.616
    31.00     4.616
    32.00     4.616
    33.00     4.616
    34.00     4.616
    35.00     4.616
    36.00     4.616
    37.00     4.616
    38.00     4.616
    39.00     4.616
    40.00     4.616
    41.00     4.616
    42.00     4.616
    43.00     4.616
    44.00     4.616
    45.00     4.616
    46.00     4.616
    47.00     4.616
    48.00     4.616
    49.00     4.616
    50.00     4.616
    51.00     4.616
    52.00     4.616
    53.00     4.616
    54.00     4.616
    55.00     4.616
    56.00     4.616
    57.00     4.616
    58.00     4.616
    59.00     4.616
    60.00     4.616
    61.00     4.616
    62.00     4.616
    63.00     4.616
    64.00     4.616
    65.00     4.616
    66.00     4.616
    67.00     4.616
    68.00     4.616
    69.00     4.616
    70.00     4.616
    71.00     4.616
    72.00     4.616
    73.00     4.616
    74.00     4.616
    75.00     4.616
    76.00     4.616
    77.00     4.616
    78.00     4.616
    79.00     4.616
    80.00     4.616
    81.00     4.616
    82.00     4.616
    83.00     4.616
    84.00     4.616
    85.00     4.616
    86.00     4.616
    87.00     4.616
    88.00     4.616
    89.00     4.616
    90.00     4.616
