# a0 a2 a4 a6 delta sigmaJ
1.00000 -0.15820 -0.07334 0.00000 -60.00 3.00
1.00000 -0.15821 -0.07334 0.00000 -59.88 3.00
1.00000 -0.15821 -0.07334 0.00000 -59.76 3.00
1.00000 -0.15822 -0.07334 0.00000 -59.64 3.00
1.00000 -0.15823 -0.07334 0.00000 -59.52 3.00
1.00000 -0.15824 -0.07334 0.00000 -59.40 3.00
1.00000 -0.15824 -0.07334 0.00000 -59.28 3.00
1.00000 -0.15825 -0.07334 0.00000 -59.16 3.00
1.00000 -0.15826 -0.07334 0.00000 -59.04 3.00
1.00000 -0.15827 -0.07334 0.00000 -58.92 3.00
1.00000 -0.15828 -0.07334 0.00000 -58.80 3.00
1.00000 -0.15828 -0.07334 0.00000 -58.68 3.00
1.00000 -0.15829 -0.07334 0.00000 -58.56 3.00
1.00000 -0.15830 -0.07334 0.00000 -58.44 3.00
1.00000 -0.15831 -0.07334 0.00000 -58.32 3.00
1.00000 -0.15832 -0.07334 0.00000 -58.20 3.00
1.00000 -0.15832 -0.07334 0.00000 -58.08 3.00
1.00000 -0.15833 -0.07334 0.00000 -57.96 3.00
1.00000 -0.15834 -0.07334 0.00000 -57.84 3.00
1.00000 -0.15835 -0.07334 0.00000 -57.72 3.00
1.00000 -0.15836 -0.07334 0.00000 -57.60 3.00
1.00000 -0.15837 -0.07334 0.00000 -57.48 3.00
1.00000 -0.15837 -0.07334 0.00000 -57.36 3.00
1.00000 -0.15838 -0.07334 0.00000 -57.24 3.00
1.00000 -0.15839 -0.07334 0.00000 -57.12 3.00
1.00000 -0.15840 -0.07334 0.00000 -57.00 3.00
1.00000 -0.15841 -0.07334 0.00000 -56.88 3.00
1.00000 -0.15842 -0.07334 0.00000 -56.76 3.00
1.00000 -0.15842 -0.07334 0.00000 -56.64 3.00
1.00000 -0.15843 -0.07334 0.00000 -56.52 3.00
1.00000 -0.15844 -0.07334 0.00000 -56.40 3.00
1.00000 -0.15845 -0.07334 0.00000 -56.28 3.00
1.00000 -0.15846 -0.07334 0.00000 -56.16 3.00
1.00000 -0.15847 -0.07334 0.00000 -56.04 3.00
1.00000 -0.15848 -0.07334 0.00000 -55.92 3.00
1.00000 -0.15849 -0.07334 0.00000 -55.80 3.00
1.00000 -0.15849 -0.07334 0.00000 -55.68 3.00
1.00000 -0.15850 -0.07334 0.00000 -55.56 3.00
1.00000 -0.15851 -0.07334 0.00000 -55.44 3.00
1.00000 -0.15852 -0.07333 0.00000 -55.32 3.00
1.00000 -0.15853 -0.07333 0.00000 -55.20 3.00
1.00000 -0.15854 -0.07333 0.00000 -55.08 3.00
1.00000 -0.15855 -0.07333 0.00000 -54.96 3.00
1.00000 -0.15856 -0.07333 0.00000 -54.84 3.00
1.00000 -0.15857 -0.07333 0.00000 -54.72 3.00
1.00000 -0.15858 -0.07333 0.00000 -54.60 3.00
1.00000 -0.15858 -0.07333 0.00000 -54.48 3.00
1.00000 -0.15859 -0.07333 0.00000 -54.36 3.00
1.00000 -0.15860 -0.07333 0.00000 -54.24 3.00
1.00000 -0.15861 -0.07333 0.00000 -54.12 3.00
1.00000 -0.15862 -0.07333 0.00000 -54.00 3.00
1.00000 -0.15863 -0.07333 0.00000 -53.88 3.00
1.00000 -0.15864 -0.07333 0.00000 -53.76 3.00
1.00000 -0.15865 -0.07333 0.00000 -53.64 3.00
1.00000 -0.15866 -0.07333 0.00000 -53.52 3.00
1.00000 -0.15867 -0.07333 0.00000 -53.40 3.00
1.00000 -0.15868 -0.07333 0.00000 -53.28 3.00
1.00000 -0.15869 -0.07333 0.00000 -53.16 3.00
1.00000 -0.15870 -0.07333 0.00000 -53.04 3.00
1.00000 -0.15871 -0.07333 0.00000 -52.92 3.00
1.00000 -0.15872 -0.07333 0.00000 -52.80 3.00
1.00000 -0.15873 -0.07333 0.00000 -52.68 3.00
1.00000 -0.15874 -0.07333 0.00000 -52.56 3.00
1.00000 -0.15875 -0.07333 0.00000 -52.44 3.00
1.00000 -0.15876 -0.07333 0.00000 -52.32 3.00
1.00000 -0.15877 -0.07333 0.00000 -52.20 3.00
1.00000 -0.15878 -0.07333 0.00000 -52.08 3.00
1.00000 -0.15879 -0.07333 0.00000 -51.96 3.00
1.00000 -0.15880 -0.07333 0.00000 -51.84 3.00
1.00000 -0.15881 -0.07333 0.00000 -51.72 3.00
1.00000 -0.15882 -0.07333 0.00000 -51.60 3.00
1.00000 -0.15883 -0.07333 0.00000 -51.48 3.00
1.00000 -0.15884 -0.07333 0.00000 -51.36 3.00
1.00000 -0.15885 -0.07333 0.00000 -51.24 3.00
1.00000 -0.15886 -0.07333 0.00000 -51.12 3.00
1.00000 -0.15887 -0.07333 0.00000 -51.00 3.00
1.00000 -0.15888 -0.07333 0.00000 -50.88 3.00
1.00000 -0.15889 -0.07333 0.00000 -50.76 3.00
1.00000 -0.15890 -0.07333 0.00000 -50.64 3.00
1.00000 -0.15891 -0.07333 0.00000 -50.52 3.00
1.00000 -0.15892 -0.07333 0.00000 -50.40 3.00
1.00000 -0.15893 -0.07333 0.00000 -50.28 3.00
1.00000 -0.15895 -0.07333 0.00000 -50.16 3.00
1.00000 -0.15896 -0.07333 0.00000 -50.04 3.00
1.00000 -0.15897 -0.07333 0.00000 -49.92 3.00
1.00000 -0.15898 -0.07333 0.00000 -49.80 3.00
1.00000 -0.15899 -0.07333 0.00000 -49.68 3.00
1.00000 -0.15900 -0.07333 0.00000 -49.56 3.00
1.00000 -0.15901 -0.07333 0.00000 -49.44 3.00
1.00000 -0.15902 -0.07333 0.00000 -49.32 3.00
1.00000 -0.15903 -0.07333 0.00000 -49.20 3.00
1.00000 -0.15905 -0.07333 0.00000 -49.08 3.00
1.00000 -0.15906 -0.07333 0.00000 -48.96 3.00
1.00000 -0.15907 -0.07333 0.00000 -48.84 3.00
1.00000 -0.15908 -0.07333 0.00000 -48.72 3.00
1.00000 -0.15909 -0.07333 0.00000 -48.60 3.00
1.00000 -0.15910 -0.07333 0.00000 -48.48 3.00
1.00000 -0.15911 -0.07333 0.00000 -48.36 3.00
1.00000 -0.15913 -0.07333 0.00000 -48.24 3.00
1.00000 -0.15914 -0.07333 0.00000 -48.12 3.00
1.00000 -0.15915 -0.07333 0.00000 -48.00 3.00
1.00000 -0.15916 -0.07333 0.00000 -47.88 3.00
1.00000 -0.15917 -0.07333 0.00000 -47.76 3.00
1.00000 -0.15919 -0.07333 0.00000 -47.64 3.00
1.00000 -0.15920 -0.07333 0.00000 -47.52 3.00
1.00000 -0.15921 -0.07333 0.00000 -47.40 3.00
1.00000 -0.15922 -0.07333 0.00000 -47.28 3.00
1.00000 -0.15923 -0.07333 0.00000 -47.16 3.00
1.00000 -0.15925 -0.07333 0.00000 -47.04 3.00
1.00000 -0.15926 -0.07333 0.00000 -46.92 3.00
1.00000 -0.15927 -0.07333 0.00000 -46.80 3.00
1.00000 -0.15928 -0.07333 0.00000 -46.68 3.00
1.00000 -0.15930 -0.07333 0.00000 -46.56 3.00
1.00000 -0.15931 -0.07332 0.00000 -46.44 3.00
1.00000 -0.15932 -0.07332 0.00000 -46.32 3.00
1.00000 -0.15933 -0.07332 0.00000 -46.20 3.00
1.00000 -0.15935 -0.07332 0.00000 -46.08 3.00
1.00000 -0.15936 -0.07332 0.00000 -45.96 3.00
1.00000 -0.15937 -0.07332 0.00000 -45.84 3.00
1.00000 -0.15938 -0.07332 0.00000 -45.72 3.00
1.00000 -0.15940 -0.07332 0.00000 -45.60 3.00
1.00000 -0.15941 -0.07332 0.00000 -45.48 3.00
1.00000 -0.15942 -0.07332 0.00000 -45.36 3.00
1.00000 -0.15944 -0.07332 0.00000 -45.24 3.00
1.00000 -0.15945 -0.07332 0.00000 -45.12 3.00
1.00000 -0.15946 -0.07332 0.00000 -45.00 3.00
1.00000 -0.15948 -0.07332 0.00000 -44.88 3.00
1.00000 -0.15949 -0.07332 0.00000 -44.76 3.00
1.00000 -0.15950 -0.07332 0.00000 -44.64 3.00
1.00000 -0.15952 -0.07332 0.00000 -44.52 3.00
1.00000 -0.15953 -0.07332 0.00000 -44.40 3.00
1.00000 -0.15955 -0.07332 0.00000 -44.28 3.00
1.00000 -0.15956 -0.07332 0.00000 -44.16 3.00
1.00000 -0.15957 -0.07332 0.00000 -44.04 3.00
1.00000 -0.15959 -0.07332 0.00000 -43.92 3.00
1.00000 -0.15960 -0.07332 0.00000 -43.80 3.00
1.00000 -0.15961 -0.07332 0.00000 -43.68 3.00
1.00000 -0.15963 -0.07332 0.00000 -43.56 3.00
1.00000 -0.15964 -0.07332 0.00000 -43.44 3.00
1.00000 -0.15966 -0.07332 0.00000 -43.32 3.00
1.00000 -0.15967 -0.07332 0.00000 -43.20 3.00
1.00000 -0.15969 -0.07332 0.00000 -43.08 3.00
1.00000 -0.15970 -0.07332 0.00000 -42.96 3.00
1.00000 -0.15972 -0.07332 0.00000 -42.84 3.00
1.00000 -0.15973 -0.07332 0.00000 -42.72 3.00
1.00000 -0.15975 -0.07332 0.00000 -42.60 3.00
1.00000 -0.15976 -0.07332 0.00000 -42.48 3.00
1.00000 -0.15978 -0.07332 0.00000 -42.36 3.00
1.00000 -0.15979 -0.07332 0.00000 -42.24 3.00
1.00000 -0.15981 -0.07332 0.00000 -42.12 3.00
1.00000 -0.15982 -0.07332 0.00000 -42.00 3.00
1.00000 -0.15984 -0.07332 0.00000 -41.88 3.00
1.00000 -0.15985 -0.07332 0.00000 -41.76 3.00
1.00000 -0.15987 -0.07332 0.00000 -41.64 3.00
1.00000 -0.15988 -0.07332 0.00000 -41.52 3.00
1.00000 -0.15990 -0.07332 0.00000 -41.40 3.00
1.00000 -0.15991 -0.07332 0.00000 -41.28 3.00
1.00000 -0.15993 -0.07332 0.00000 -41.16 3.00
1.00000 -0.15995 -0.07332 0.00000 -41.04 3.00
1.00000 -0.15996 -0.07332 0.00000 -40.92 3.00
1.00000 -0.15998 -0.07331 0.00000 -40.80 3.00
1.00000 -0.15999 -0.07331 0.00000 -40.68 3.00
1.00000 -0.16001 -0.07331 0.00000 -40.56 3.00
1.00000 -0.16003 -0.07331 0.00000 -40.44 3.00
1.00000 -0.16004 -0.07331 0.00000 -40.32 3.00
1.00000 -0.16006 -0.07331 0.00000 -40.20 3.00
1.00000 -0.16008 -0.07331 0.00000 -40.08 3.00
1.00000 -0.16009 -0.07331 0.00000 -39.96 3.00
1.00000 -0.16011 -0.07331 0.00000 -39.84 3.00
1.00000 -0.16013 -0.07331 0.00000 -39.72 3.00
1.00000 -0.16014 -0.07331 0.00000 -39.60 3.00
1.00000 -0.16016 -0.07331 0.00000 -39.48 3.00
1.00000 -0.16018 -0.07331 0.00000 -39.36 3.00
1.00000 -0.16020 -0.07331 0.00000 -39.24 3.00
1.00000 -0.16021 -0.07331 0.00000 -39.12 3.00
1.00000 -0.16023 -0.07331 0.00000 -39.00 3.00
1.00000 -0.16025 -0.07331 0.00000 -38.88 3.00
1.00000 -0.16027 -0.07331 0.00000 -38.76 3.00
1.00000 -0.16028 -0.07331 0.00000 -38.64 3.00
1.00000 -0.16030 -0.07331 0.00000 -38.52 3.00
1.00000 -0.16032 -0.07331 0.00000 -38.40 3.00
1.00000 -0.16034 -0.07331 0.00000 -38.28 3.00
1.00000 -0.16036 -0.07331 0.00000 -38.16 3.00
1.00000 -0.16037 -0.07331 0.00000 -38.04 3.00
1.00000 -0.16039 -0.07331 0.00000 -37.92 3.00
1.00000 -0.16041 -0.07331 0.00000 -37.80 3.00
1.00000 -0.16043 -0.07331 0.00000 -37.68 3.00
1.00000 -0.16045 -0.07331 0.00000 -37.56 3.00
1.00000 -0.16047 -0.07331 0.00000 -37.44 3.00
1.00000 -0.16049 -0.07331 0.00000 -37.32 3.00
1.00000 -0.16051 -0.07331 0.00000 -37.20 3.00
1.00000 -0.16053 -0.07331 0.00000 -37.08 3.00
1.00000 -0.16055 -0.07331 0.00000 -36.96 3.00
1.00000 -0.16056 -0.07330 0.00000 -36.84 3.00
1.00000 -0.16058 -0.07330 0.00000 -36.72 3.00
1.00000 -0.16060 -0.07330 0.00000 -36.60 3.00
1.00000 -0.16062 -0.07330 0.00000 -36.48 3.00
1.00000 -0.16064 -0.07330 0.00000 -36.36 3.00
1.00000 -0.16066 -0.07330 0.00000 -36.24 3.00
1.00000 -0.16068 -0.07330 0.00000 -36.12 3.00
1.00000 -0.16071 -0.07330 0.00000 -36.00 3.00
1.00000 -0.16073 -0.07330 0.00000 -35.88 3.00
1.00000 -0.16075 -0.07330 0.00000 -35.76 3.00
1.00000 -0.16077 -0.07330 0.00000 -35.64 3.00
1.00000 -0.16079 -0.07330 0.00000 -35.52 3.00
1.00000 -0.16081 -0.07330 0.00000 -35.40 3.00
1.00000 -0.16083 -0.07330 0.00000 -35.28 3.00
1.00000 -0.16085 -0.07330 0.00000 -35.16 3.00
1.00000 -0.16087 -0.07330 0.00000 -35.04 3.00
1.00000 -0.16089 -0.07330 0.00000 -34.92 3.00
1.00000 -0.16092 -0.07330 0.00000 -34.80 3.00
1.00000 -0.16094 -0.07330 0.00000 -34.68 3.00
1.00000 -0.16096 -0.07330 0.00000 -34.56 3.00
1.00000 -0.16098 -0.07330 0.00000 -34.44 3.00
1.00000 -0.16101 -0.07330 0.00000 -34.32 3.00
1.00000 -0.16103 -0.07330 0.00000 -34.20 3.00
1.00000 -0.16105 -0.07330 0.00000 -34.08 3.00
1.00000 -0.16107 -0.07330 0.00000 -33.96 3.00
1.00000 -0.16110 -0.07329 0.00000 -33.84 3.00
1.00000 -0.16112 -0.07329 0.00000 -33.72 3.00
1.00000 -0.16114 -0.07329 0.00000 -33.60 3.00
1.00000 -0.16117 -0.07329 0.00000 -33.48 3.00
1.00000 -0.16119 -0.07329 0.00000 -33.36 3.00
1.00000 -0.16121 -0.07329 0.00000 -33.24 3.00
1.00000 -0.16124 -0.07329 0.00000 -33.12 3.00
1.00000 -0.16126 -0.07329 0.00000 -33.00 3.00
1.00000 -0.16129 -0.07329 0.00000 -32.88 3.00
1.00000 -0.16131 -0.07329 0.00000 -32.76 3.00
1.00000 -0.16133 -0.07329 0.00000 -32.64 3.00
1.00000 -0.16136 -0.07329 0.00000 -32.52 3.00
1.00000 -0.16138 -0.07329 0.00000 -32.40 3.00
1.00000 -0.16141 -0.07329 0.00000 -32.28 3.00
1.00000 -0.16143 -0.07329 0.00000 -32.16 3.00
1.00000 -0.16146 -0.07329 0.00000 -32.04 3.00
1.00000 -0.16149 -0.07329 0.00000 -31.92 3.00
1.00000 -0.16151 -0.07329 0.00000 -31.80 3.00
1.00000 -0.16154 -0.07329 0.00000 -31.68 3.00
1.00000 -0.16156 -0.07329 0.00000 -31.56 3.00
1.00000 -0.16159 -0.07328 0.00000 -31.44 3.00
1.00000 -0.16162 -0.07328 0.00000 -31.32 3.00
1.00000 -0.16164 -0.07328 0.00000 -31.20 3.00
1.00000 -0.16167 -0.07328 0.00000 -31.08 3.00
1.00000 -0.16170 -0.07328 0.00000 -30.96 3.00
1.00000 -0.16172 -0.07328 0.00000 -30.84 3.00
1.00000 -0.16175 -0.07328 0.00000 -30.72 3.00
1.00000 -0.16178 -0.07328 0.00000 -30.60 3.00
1.00000 -0.16181 -0.07328 0.00000 -30.48 3.00
1.00000 -0.16184 -0.07328 0.00000 -30.36 3.00
1.00000 -0.16186 -0.07328 0.00000 -30.24 3.00
1.00000 -0.16189 -0.07328 0.00000 -30.12 3.00
1.00000 -0.16192 -0.07328 0.00000 -30.00 3.00
1.00000 -0.16195 -0.07328 0.00000 -29.88 3.00
1.00000 -0.16198 -0.07328 0.00000 -29.76 3.00
1.00000 -0.16201 -0.07328 0.00000 -29.64 3.00
1.00000 -0.16204 -0.07327 0.00000 -29.52 3.00
1.00000 -0.16207 -0.07327 0.00000 -29.40 3.00
1.00000 -0.16210 -0.07327 0.00000 -29.28 3.00
1.00000 -0.16213 -0.07327 0.00000 -29.16 3.00
1.00000 -0.16216 -0.07327 0.00000 -29.04 3.00
1.00000 -0.16219 -0.07327 0.00000 -28.92 3.00
1.00000 -0.16222 -0.07327 0.00000 -28.80 3.00
1.00000 -0.16225 -0.07327 0.00000 -28.68 3.00
1.00000 -0.16228 -0.07327 0.00000 -28.56 3.00
1.00000 -0.16232 -0.07327 0.00000 -28.44 3.00
1.00000 -0.16235 -0.07327 0.00000 -28.32 3.00
1.00000 -0.16238 -0.07327 0.00000 -28.20 3.00
1.00000 -0.16241 -0.07327 0.00000 -28.08 3.00
1.00000 -0.16245 -0.07327 0.00000 -27.96 3.00
1.00000 -0.16248 -0.07326 0.00000 -27.84 3.00
1.00000 -0.16251 -0.07326 0.00000 -27.72 3.00
1.00000 -0.16255 -0.07326 0.00000 -27.60 3.00
1.00000 -0.16258 -0.07326 0.00000 -27.48 3.00
1.00000 -0.16261 -0.07326 0.00000 -27.36 3.00
1.00000 -0.16265 -0.07326 0.00000 -27.24 3.00
1.00000 -0.16268 -0.07326 0.00000 -27.12 3.00
1.00000 -0.16272 -0.07326 0.00000 -27.00 3.00
1.00000 -0.16275 -0.07326 0.00000 -26.88 3.00
1.00000 -0.16279 -0.07326 0.00000 -26.76 3.00
1.00000 -0.16283 -0.07326 0.00000 -26.64 3.00
1.00000 -0.16286 -0.07325 0.00000 -26.52 3.00
1.00000 -0.16290 -0.07325 0.00000 -26.40 3.00
1.00000 -0.16293 -0.07325 0.00000 -26.28 3.00
1.00000 -0.16297 -0.07325 0.00000 -26.16 3.00
1.00000 -0.16301 -0.07325 0.00000 -26.04 3.00
1.00000 -0.16305 -0.07325 0.00000 -25.92 3.00
1.00000 -0.16309 -0.07325 0.00000 -25.80 3.00
1.00000 -0.16312 -0.07325 0.00000 -25.68 3.00
1.00000 -0.16316 -0.07325 0.00000 -25.56 3.00
1.00000 -0.16320 -0.07325 0.00000 -25.44 3.00
1.00000 -0.16324 -0.07324 0.00000 -25.32 3.00
1.00000 -0.16328 -0.07324 0.00000 -25.20 3.00
1.00000 -0.16332 -0.07324 0.00000 -25.08 3.00
1.00000 -0.16336 -0.07324 0.00000 -24.96 3.00
1.00000 -0.16340 -0.07324 0.00000 -24.84 3.00
1.00000 -0.16344 -0.07324 0.00000 -24.72 3.00
1.00000 -0.16348 -0.07324 0.00000 -24.60 3.00
1.00000 -0.16353 -0.07324 0.00000 -24.48 3.00
1.00000 -0.16357 -0.07324 0.00000 -24.36 3.00
1.00000 -0.16361 -0.07323 0.00000 -24.24 3.00
1.00000 -0.16366 -0.07323 0.00000 -24.12 3.00
1.00000 -0.16370 -0.07323 0.00000 -24.00 3.00
1.00000 -0.16374 -0.07323 0.00000 -23.88 3.00
1.00000 -0.16379 -0.07323 0.00000 -23.76 3.00
1.00000 -0.16383 -0.07323 0.00000 -23.64 3.00
1.00000 -0.16388 -0.07323 0.00000 -23.52 3.00
1.00000 -0.16392 -0.07323 0.00000 -23.40 3.00
1.00000 -0.16397 -0.07322 0.00000 -23.28 3.00
1.00000 -0.16401 -0.07322 0.00000 -23.16 3.00
1.00000 -0.16406 -0.07322 0.00000 -23.04 3.00
1.00000 -0.16411 -0.07322 0.00000 -22.92 3.00
1.00000 -0.16416 -0.07322 0.00000 -22.80 3.00
1.00000 -0.16421 -0.07322 0.00000 -22.68 3.00
1.00000 -0.16425 -0.07322 0.00000 -22.56 3.00
1.00000 -0.16430 -0.07321 0.00000 -22.44 3.00
1.00000 -0.16435 -0.07321 0.00000 -22.32 3.00
1.00000 -0.16440 -0.07321 0.00000 -22.20 3.00
1.00000 -0.16445 -0.07321 0.00000 -22.08 3.00
1.00000 -0.16450 -0.07321 0.00000 -21.96 3.00
1.00000 -0.16456 -0.07321 0.00000 -21.84 3.00
1.00000 -0.16461 -0.07320 0.00000 -21.72 3.00
1.00000 -0.16466 -0.07320 0.00000 -21.60 3.00
1.00000 -0.16471 -0.07320 0.00000 -21.48 3.00
1.00000 -0.16477 -0.07320 0.00000 -21.36 3.00
1.00000 -0.16482 -0.07320 0.00000 -21.24 3.00
1.00000 -0.16488 -0.07319 0.00000 -21.12 3.00
1.00000 -0.16493 -0.07319 0.00000 -21.00 3.00
1.00000 -0.16499 -0.07319 0.00000 -20.88 3.00
1.00000 -0.16505 -0.07319 0.00000 -20.76 3.00
1.00000 -0.16510 -0.07319 0.00000 -20.64 3.00
1.00000 -0.16516 -0.07319 0.00000 -20.52 3.00
1.00000 -0.16522 -0.07318 0.00000 -20.40 3.00
1.00000 -0.16528 -0.07318 0.00000 -20.28 3.00
1.00000 -0.16534 -0.07318 0.00000 -20.16 3.00
1.00000 -0.16540 -0.07318 0.00000 -20.04 3.00
1.00000 -0.16546 -0.07317 0.00000 -19.92 3.00
1.00000 -0.16552 -0.07317 0.00000 -19.80 3.00
1.00000 -0.16558 -0.07317 0.00000 -19.68 3.00
1.00000 -0.16565 -0.07317 0.00000 -19.56 3.00
1.00000 -0.16571 -0.07317 0.00000 -19.44 3.00
1.00000 -0.16577 -0.07316 0.00000 -19.32 3.00
1.00000 -0.16584 -0.07316 0.00000 -19.20 3.00
1.00000 -0.16591 -0.07316 0.00000 -19.08 3.00
1.00000 -0.16597 -0.07316 0.00000 -18.96 3.00
1.00000 -0.16604 -0.07315 0.00000 -18.84 3.00
1.00000 -0.16611 -0.07315 0.00000 -18.72 3.00
1.00000 -0.16618 -0.07315 0.00000 -18.60 3.00
1.00000 -0.16625 -0.07314 0.00000 -18.48 3.00
1.00000 -0.16632 -0.07314 0.00000 -18.36 3.00
1.00000 -0.16639 -0.07314 0.00000 -18.24 3.00
1.00000 -0.16646 -0.07314 0.00000 -18.12 3.00
1.00000 -0.16653 -0.07313 0.00000 -18.00 3.00
1.00000 -0.16661 -0.07313 0.00000 -17.88 3.00
1.00000 -0.16668 -0.07313 0.00000 -17.76 3.00
1.00000 -0.16676 -0.07312 0.00000 -17.64 3.00
1.00000 -0.16683 -0.07312 0.00000 -17.52 3.00
1.00000 -0.16691 -0.07312 0.00000 -17.40 3.00
1.00000 -0.16699 -0.07311 0.00000 -17.28 3.00
1.00000 -0.16707 -0.07311 0.00000 -17.16 3.00
1.00000 -0.16715 -0.07311 0.00000 -17.04 3.00
1.00000 -0.16723 -0.07310 0.00000 -16.92 3.00
1.00000 -0.16731 -0.07310 0.00000 -16.80 3.00
1.00000 -0.16740 -0.07310 0.00000 -16.68 3.00
1.00000 -0.16748 -0.07309 0.00000 -16.56 3.00
1.00000 -0.16757 -0.07309 0.00000 -16.44 3.00
1.00000 -0.16765 -0.07308 0.00000 -16.32 3.00
1.00000 -0.16774 -0.07308 0.00000 -16.20 3.00
1.00000 -0.16783 -0.07308 0.00000 -16.08 3.00
1.00000 -0.16792 -0.07307 0.00000 -15.96 3.00
1.00000 -0.16801 -0.07307 0.00000 -15.84 3.00
1.00000 -0.16810 -0.07306 0.00000 -15.72 3.00
1.00000 -0.16820 -0.07306 0.00000 -15.60 3.00
1.00000 -0.16829 -0.07305 0.00000 -15.48 3.00
1.00000 -0.16839 -0.07305 0.00000 -15.36 3.00
1.00000 -0.16848 -0.07304 0.00000 -15.24 3.00
1.00000 -0.16858 -0.07304 0.00000 -15.12 3.00
1.00000 -0.16868 -0.07303 0.00000 -15.00 3.00
1.00000 -0.16878 -0.07303 0.00000 -14.88 3.00
1.00000 -0.16889 -0.07302 0.00000 -14.76 3.00
1.00000 -0.16899 -0.07302 0.00000 -14.64 3.00
1.00000 -0.16910 -0.07301 0.00000 -14.52 3.00
1.00000 -0.16920 -0.07301 0.00000 -14.40 3.00
1.00000 -0.16931 -0.07300 0.00000 -14.28 3.00
1.00000 -0.16942 -0.07299 0.00000 -14.16 3.00
1.00000 -0.16954 -0.07299 0.00000 -14.04 3.00
1.00000 -0.16965 -0.07298 0.00000 -13.92 3.00
1.00000 -0.16976 -0.07298 0.00000 -13.80 3.00
1.00000 -0.16988 -0.07297 0.00000 -13.68 3.00
1.00000 -0.17000 -0.07296 0.00000 -13.56 3.00
1.00000 -0.17012 -0.07295 0.00000 -13.44 3.00
1.00000 -0.17024 -0.07295 0.00000 -13.32 3.00
1.00000 -0.17037 -0.07294 0.00000 -13.20 3.00
1.00000 -0.17049 -0.07293 0.00000 -13.08 3.00
1.00000 -0.17062 -0.07292 0.00000 -12.96 3.00
1.00000 -0.17075 -0.07292 0.00000 -12.84 3.00
1.00000 -0.17088 -0.07291 0.00000 -12.72 3.00
1.00000 -0.17101 -0.07290 0.00000 -12.60 3.00
1.00000 -0.17115 -0.07289 0.00000 -12.48 3.00
1.00000 -0.17129 -0.07288 0.00000 -12.36 3.00
1.00000 -0.17143 -0.07287 0.00000 -12.24 3.00
1.00000 -0.17157 -0.07286 0.00000 -12.12 3.00
1.00000 -0.17171 -0.07285 0.00000 -12.00 3.00
1.00000 -0.17186 -0.07284 0.00000 -11.88 3.00
1.00000 -0.17201 -0.07283 0.00000 -11.76 3.00
1.00000 -0.17216 -0.07282 0.00000 -11.64 3.00
1.00000 -0.17231 -0.07281 0.00000 -11.52 3.00
1.00000 -0.17247 -0.07280 0.00000 -11.40 3.00
1.00000 -0.17263 -0.07279 0.00000 -11.28 3.00
1.00000 -0.17279 -0.07277 0.00000 -11.16 3.00
1.00000 -0.17296 -0.07276 0.00000 -11.04 3.00
1.00000 -0.17312 -0.07275 0.00000 -10.92 3.00
1.00000 -0.17329 -0.07274 0.00000 -10.80 3.00
1.00000 -0.17347 -0.07272 0.00000 -10.68 3.00
1.00000 -0.17364 -0.07271 0.00000 -10.56 3.00
1.00000 -0.17382 -0.07269 0.00000 -10.44 3.00
1.00000 -0.17400 -0.07268 0.00000 -10.32 3.00
1.00000 -0.17419 -0.07266 0.00000 -10.20 3.00
1.00000 -0.17438 -0.07264 0.00000 -10.08 3.00
1.00000 -0.17457 -0.07263 0.00000 -9.96 3.00
1.00000 -0.17476 -0.07261 0.00000 -9.84 3.00
1.00000 -0.17496 -0.07259 0.00000 -9.72 3.00
1.00000 -0.17516 -0.07257 0.00000 -9.60 3.00
1.00000 -0.17537 -0.07255 0.00000 -9.48 3.00
1.00000 -0.17558 -0.07253 0.00000 -9.36 3.00
1.00000 -0.17579 -0.07251 0.00000 -9.24 3.00
1.00000 -0.17601 -0.07249 0.00000 -9.12 3.00
1.00000 -0.17623 -0.07246 0.00000 -9.00 3.00
1.00000 -0.17645 -0.07244 0.00000 -8.88 3.00
1.00000 -0.17668 -0.07242 0.00000 -8.76 3.00
1.00000 -0.17692 -0.07239 0.00000 -8.64 3.00
1.00000 -0.17715 -0.07236 0.00000 -8.52 3.00
1.00000 -0.17740 -0.07233 0.00000 -8.40 3.00
1.00000 -0.17764 -0.07230 0.00000 -8.28 3.00
1.00000 -0.17789 -0.07227 0.00000 -8.16 3.00
1.00000 -0.17815 -0.07224 0.00000 -8.04 3.00
1.00000 -0.17841 -0.07221 0.00000 -7.92 3.00
1.00000 -0.17867 -0.07217 0.00000 -7.80 3.00
1.00000 -0.17894 -0.07214 0.00000 -7.68 3.00
1.00000 -0.17922 -0.07210 0.00000 -7.56 3.00
1.00000 -0.17950 -0.07206 0.00000 -7.44 3.00
1.00000 -0.17978 -0.07201 0.00000 -7.32 3.00
1.00000 -0.18007 -0.07197 0.00000 -7.20 3.00
1.00000 -0.18036 -0.07192 0.00000 -7.08 3.00
1.00000 -0.18066 -0.07188 0.00000 -6.96 3.00
1.00000 -0.18097 -0.07182 0.00000 -6.84 3.00
1.00000 -0.18128 -0.07177 0.00000 -6.72 3.00
1.00000 -0.18159 -0.07171 0.00000 -6.60 3.00
1.00000 -0.18191 -0.07165 0.00000 -6.48 3.00
1.00000 -0.18224 -0.07159 0.00000 -6.36 3.00
1.00000 -0.18256 -0.07152 0.00000 -6.24 3.00
1.00000 -0.18290 -0.07145 0.00000 -6.12 3.00
1.00000 -0.18323 -0.07138 0.00000 -6.00 3.00
1.00000 -0.18357 -0.07130 0.00000 -5.88 3.00
1.00000 -0.18392 -0.07121 0.00000 -5.76 3.00
1.00000 -0.18427 -0.07112 0.00000 -5.64 3.00
1.00000 -0.18462 -0.07103 0.00000 -5.52 3.00
1.00000 -0.18497 -0.07093 0.00000 -5.40 3.00
1.00000 -0.18532 -0.07082 0.00000 -5.28 3.00
1.00000 -0.18567 -0.07070 0.00000 -5.16 3.00
1.00000 -0.18602 -0.07058 0.00000 -5.04 3.00
1.00000 -0.18637 -0.07045 0.00000 -4.92 3.00
1.00000 -0.18672 -0.07031 0.00000 -4.80 3.00
1.00000 -0.18705 -0.07016 0.00000 -4.68 3.00
1.00000 -0.18738 -0.06999 0.00000 -4.56 3.00
1.00000 -0.18770 -0.06982 0.00000 -4.44 3.00
1.00000 -0.18801 -0.06963 0.00000 -4.32 3.00
1.00000 -0.18829 -0.06942 0.00000 -4.20 3.00
1.00000 -0.18855 -0.06920 0.00000 -4.08 3.00
1.00000 -0.18879 -0.06896 0.00000 -3.96 3.00
1.00000 -0.18899 -0.06870 0.00000 -3.84 3.00
1.00000 -0.18914 -0.06842 0.00000 -3.72 3.00
1.00000 -0.18925 -0.06810 0.00000 -3.60 3.00
1.00000 -0.18929 -0.06776 0.00000 -3.48 3.00
1.00000 -0.18925 -0.06739 0.00000 -3.36 3.00
1.00000 -0.18913 -0.06698 0.00000 -3.24 3.00
1.00000 -0.18889 -0.06652 0.00000 -3.12 3.00
1.00000 -0.18851 -0.06602 0.00000 -3.00 3.00
1.00000 -0.18797 -0.06547 0.00000 -2.88 3.00
1.00000 -0.18723 -0.06485 0.00000 -2.76 3.00
1.00000 -0.18625 -0.06415 0.00000 -2.64 3.00
1.00000 -0.18498 -0.06338 0.00000 -2.52 3.00
1.00000 -0.18334 -0.06251 0.00000 -2.40 3.00
1.00000 -0.18127 -0.06152 0.00000 -2.28 3.00
1.00000 -0.17866 -0.06041 0.00000 -2.16 3.00
1.00000 -0.17538 -0.05915 0.00000 -2.04 3.00
1.00000 -0.17130 -0.05771 0.00000 -1.92 3.00
1.00000 -0.16621 -0.05606 0.00000 -1.80 3.00
1.00000 -0.15988 -0.05417 0.00000 -1.68 3.00
1.00000 -0.15202 -0.05199 0.00000 -1.56 3.00
1.00000 -0.14226 -0.04949 0.00000 -1.44 3.00
1.00000 -0.13016 -0.04661 0.00000 -1.32 3.00
1.00000 -0.11522 -0.04329 0.00000 -1.20 3.00
1.00000 -0.09681 -0.03950 0.00000 -1.08 3.00
1.00000 -0.07430 -0.03518 0.00000 -0.96 3.00
1.00000 -0.04707 -0.03035 0.00000 -0.84 3.00
1.00000 -0.01463 -0.02505 0.00000 -0.72 3.00
1.00000 0.02310 -0.01942 0.00000 -0.60 3.00
1.00000 0.06550 -0.01374 0.00000 -0.48 3.00
1.00000 0.11095 -0.00842 0.00000 -0.36 3.00
1.00000 0.15661 -0.00400 0.00000 -0.24 3.00
1.00000 0.19862 -0.00104 0.00000 -0.12 3.00
1.00000 0.23289 0.00000 -0.00000 0.00 3.00
1.00000 0.25617 -0.00104 -0.00000 0.12 3.00
1.00000 0.26700 -0.00400 -0.00000 0.24 3.00
1.00000 0.26599 -0.00842 -0.00000 0.36 3.00
1.00000 0.25529 -0.01374 -0.00000 0.48 3.00
1.00000 0.23773 -0.01942 -0.00000 0.60 3.00
1.00000 0.21606 -0.02505 -0.00000 0.72 3.00
1.00000 0.19253 -0.03035 -0.00000 0.84 3.00
1.00000 0.16874 -0.03518 -0.00000 0.96 3.00
1.00000 0.14571 -0.03950 -0.00000 1.08 3.00
1.00000 0.12404 -0.04329 -0.00000 1.20 3.00
1.00000 0.10400 -0.04661 -0.00000 1.32 3.00
1.00000 0.08567 -0.04949 -0.00000 1.44 3.00
1.00000 0.06901 -0.05199 -0.00000 1.56 3.00
1.00000 0.05394 -0.05417 -0.00000 1.68 3.00
1.00000 0.04032 -0.05606 -0.00000 1.80 3.00
1.00000 0.02801 -0.05771 -0.00000 1.92 3.00
1.00000 0.01689 -0.05915 -0.00000 2.04 3.00
1.00000 0.00682 -0.06041 -0.00000 2.16 3.00
1.00000 -0.00232 -0.06152 -0.00000 2.28 3.00
1.00000 -0.01062 -0.06251 -0.00000 2.40 3.00
1.00000 -0.01819 -0.06338 -0.00000 2.52 3.00
1.00000 -0.02510 -0.06415 -0.00000 2.64 3.00
1.00000 -0.03142 -0.06485 -0.00000 2.76 3.00
1.00000 -0.03723 -0.06547 -0.00000 2.88 3.00
1.00000 -0.04256 -0.06602 -0.00000 3.00 3.00
1.00000 -0.04749 -0.06652 -0.00000 3.12 3.00
1.00000 -0.05203 -0.06698 -0.00000 3.24 3.00
1.00000 -0.05625 -0.06739 -0.00000 3.36 3.00
1.00000 -0.06016 -0.06776 -0.00000 3.48 3.00
1.00000 -0.06379 -0.06810 -0.00000 3.60 3.00
1.00000 -0.06718 -0.06842 -0.00000 3.72 3.00
1.00000 -0.07034 -0.06870 -0.00000 3.84 3.00
1.00000 -0.07330 -0.06896 -0.00000 3.96 3.00
1.00000 -0.07607 -0.06920 -0.00000 4.08 3.00
1.00000 -0.07867 -0.06942 -0.00000 4.20 3.00
1.00000 -0.08112 -0.06963 -0.00000 4.32 3.00
1.00000 -0.08342 -0.06982 -0.00000 4.44 3.00
1.00000 -0.08559 -0.06999 -0.00000 4.56 3.00
1.00000 -0.08764 -0.07016 -0.00000 4.68 3.00
1.00000 -0.08958 -0.07031 -0.00000 4.80 3.00
1.00000 -0.09141 -0.07045 -0.00000 4.92 3.00
1.00000 -0.09315 -0.07058 -0.00000 5.04 3.00
1.00000 -0.09480 -0.07070 -0.00000 5.16 3.00
1.00000 -0.09637 -0.07082 -0.00000 5.28 3.00
1.00000 -0.09786 -0.07093 -0.00000 5.40 3.00
1.00000 -0.09928 -0.07103 -0.00000 5.52 3.00
1.00000 -0.10064 -0.07112 -0.00000 5.64 3.00
1.00000 -0.10193 -0.07121 -0.00000 5.76 3.00
1.00000 -0.10316 -0.07130 -0.00000 5.88 3.00
1.00000 -0.10434 -0.07138 -0.00000 6.00 3.00
1.00000 -0.10547 -0.07145 -0.00000 6.12 3.00
1.00000 -0.10655 -0.07152 -0.00000 6.24 3.00
1.00000 -0.10759 -0.07159 -0.00000 6.36 3.00
1.00000 -0.10858 -0.07165 -0.00000 6.48 3.00
1.00000 -0.10954 -0.07171 -0.00000 6.60 3.00
1.00000 -0.11045 -0.07177 -0.00000 6.72 3.00
1.00000 -0.11133 -0.07182 -0.00000 6.84 3.00
1.00000 -0.11218 -0.07188 -0.00000 6.96 3.00
1.00000 -0.11299 -0.07192 -0.00000 7.08 3.00
1.00000 -0.11378 -0.07197 -0.00000 7.20 3.00
1.00000 -0.11454 -0.07201 -0.00000 7.32 3.00
1.00000 -0.11527 -0.07206 -0.00000 7.44 3.00
1.00000 -0.11597 -0.07210 -0.00000 7.56 3.00
1.00000 -0.11665 -0.07214 -0.00000 7.68 3.00
1.00000 -0.11731 -0.07217 -0.00000 7.80 3.00
1.00000 -0.11795 -0.07221 -0.00000 7.92 3.00
1.00000 -0.11856 -0.07224 -0.00000 8.04 3.00
1.00000 -0.11916 -0.07227 -0.00000 8.16 3.00
1.00000 -0.11973 -0.07230 -0.00000 8.28 3.00
1.00000 -0.12029 -0.07233 -0.00000 8.40 3.00
1.00000 -0.12083 -0.07236 -0.00000 8.52 3.00
1.00000 -0.12135 -0.07239 -0.00000 8.64 3.00
1.00000 -0.12186 -0.07242 -0.00000 8.76 3.00
1.00000 -0.12235 -0.07244 -0.00000 8.88 3.00
1.00000 -0.12283 -0.07246 -0.00000 9.00 3.00
1.00000 -0.12330 -0.07249 -0.00000 9.12 3.00
1.00000 -0.12375 -0.07251 -0.00000 9.24 3.00
1.00000 -0.12419 -0.07253 -0.00000 9.36 3.00
1.00000 -0.12462 -0.07255 -0.00000 9.48 3.00
1.00000 -0.12503 -0.07257 -0.00000 9.60 3.00
1.00000 -0.12543 -0.07259 -0.00000 9.72 3.00
1.00000 -0.12583 -0.07261 -0.00000 9.84 3.00
1.00000 -0.12621 -0.07263 -0.00000 9.96 3.00
1.00000 -0.12658 -0.07264 -0.00000 10.08 3.00
1.00000 -0.12695 -0.07266 -0.00000 10.20 3.00
1.00000 -0.12730 -0.07268 -0.00000 10.32 3.00
1.00000 -0.12764 -0.07269 -0.00000 10.44 3.00
1.00000 -0.12798 -0.07271 -0.00000 10.56 3.00
1.00000 -0.12831 -0.07272 -0.00000 10.68 3.00
1.00000 -0.12863 -0.07274 -0.00000 10.80 3.00
1.00000 -0.12894 -0.07275 -0.00000 10.92 3.00
1.00000 -0.12925 -0.07276 -0.00000 11.04 3.00
1.00000 -0.12955 -0.07277 -0.00000 11.16 3.00
1.00000 -0.12984 -0.07279 -0.00000 11.28 3.00
1.00000 -0.13012 -0.07280 -0.00000 11.40 3.00
1.00000 -0.13040 -0.07281 -0.00000 11.52 3.00
1.00000 -0.13067 -0.07282 -0.00000 11.64 3.00
1.00000 -0.13094 -0.07283 -0.00000 11.76 3.00
1.00000 -0.13120 -0.07284 -0.00000 11.88 3.00
1.00000 -0.13145 -0.07285 -0.00000 12.00 3.00
1.00000 -0.13170 -0.07286 -0.00000 12.12 3.00
1.00000 -0.13194 -0.07287 -0.00000 12.24 3.00
1.00000 -0.13218 -0.07288 -0.00000 12.36 3.00
1.00000 -0.13242 -0.07289 -0.00000 12.48 3.00
1.00000 -0.13264 -0.07290 -0.00000 12.60 3.00
1.00000 -0.13287 -0.07291 -0.00000 12.72 3.00
1.00000 -0.13309 -0.07292 -0.00000 12.84 3.00
1.00000 -0.13330 -0.07292 -0.00000 12.96 3.00
1.00000 -0.13351 -0.07293 -0.00000 13.08 3.00
1.00000 -0.13372 -0.07294 -0.00000 13.20 3.00
1.00000 -0.13392 -0.07295 -0.00000 13.32 3.00
1.00000 -0.13412 -0.07295 -0.00000 13.44 3.00
1.00000 -0.13432 -0.07296 -0.00000 13.56 3.00
1.00000 -0.13451 -0.07297 -0.00000 13.68 3.00
1.00000 -0.13470 -0.07298 -0.00000 13.80 3.00
1.00000 -0.13488 -0.07298 -0.00000 13.92 3.00
1.00000 -0.13506 -0.07299 -0.00000 14.04 3.00
1.00000 -0.13524 -0.07299 -0.00000 14.16 3.00
1.00000 -0.13541 -0.07300 -0.00000 14.28 3.00
1.00000 -0.13558 -0.07301 -0.00000 14.40 3.00
1.00000 -0.13575 -0.07301 -0.00000 14.52 3.00
1.00000 -0.13592 -0.07302 -0.00000 14.64 3.00
1.00000 -0.13608 -0.07302 -0.00000 14.76 3.00
1.00000 -0.13624 -0.07303 -0.00000 14.88 3.00
1.00000 -0.13639 -0.07303 -0.00000 15.00 3.00
1.00000 -0.13655 -0.07304 -0.00000 15.12 3.00
1.00000 -0.13670 -0.07304 -0.00000 15.24 3.00
1.00000 -0.13685 -0.07305 -0.00000 15.36 3.00
1.00000 -0.13699 -0.07305 -0.00000 15.48 3.00
1.00000 -0.13714 -0.07306 -0.00000 15.60 3.00
1.00000 -0.13728 -0.07306 -0.00000 15.72 3.00
1.00000 -0.13742 -0.07307 -0.00000 15.84 3.00
1.00000 -0.13756 -0.07307 -0.00000 15.96 3.00
1.00000 -0.13769 -0.07308 -0.00000 16.08 3.00
1.00000 -0.13782 -0.07308 -0.00000 16.20 3.00
1.00000 -0.13795 -0.07308 -0.00000 16.32 3.00
1.00000 -0.13808 -0.07309 -0.00000 16.44 3.00
1.00000 -0.13821 -0.07309 -0.00000 16.56 3.00
1.00000 -0.13833 -0.07310 -0.00000 16.68 3.00
1.00000 -0.13846 -0.07310 -0.00000 16.80 3.00
1.00000 -0.13858 -0.07310 -0.00000 16.92 3.00
1.00000 -0.13870 -0.07311 -0.00000 17.04 3.00
1.00000 -0.13881 -0.07311 -0.00000 17.16 3.00
1.00000 -0.13893 -0.07311 -0.00000 17.28 3.00
1.00000 -0.13904 -0.07312 -0.00000 17.40 3.00
1.00000 -0.13916 -0.07312 -0.00000 17.52 3.00
1.00000 -0.13927 -0.07312 -0.00000 17.64 3.00
1.00000 -0.13938 -0.07313 -0.00000 17.76 3.00
1.00000 -0.13948 -0.07313 -0.00000 17.88 3.00
1.00000 -0.13959 -0.07313 -0.00000 18.00 3.00
1.00000 -0.13969 -0.07314 -0.00000 18.12 3.00
1.00000 -0.13980 -0.07314 -0.00000 18.24 3.00
1.00000 -0.13990 -0.07314 -0.00000 18.36 3.00
1.00000 -0.14000 -0.07314 -0.00000 18.48 3.00
1.00000 -0.14010 -0.07315 -0.00000 18.60 3.00
1.00000 -0.14019 -0.07315 -0.00000 18.72 3.00
1.00000 -0.14029 -0.07315 -0.00000 18.84 3.00
1.00000 -0.14038 -0.07316 -0.00000 18.96 3.00
1.00000 -0.14048 -0.07316 -0.00000 19.08 3.00
1.00000 -0.14057 -0.07316 -0.00000 19.20 3.00
1.00000 -0.14066 -0.07316 -0.00000 19.32 3.00
1.00000 -0.14075 -0.07317 -0.00000 19.44 3.00
1.00000 -0.14084 -0.07317 -0.00000 19.56 3.00
1.00000 -0.14093 -0.07317 -0.00000 19.68 3.00
1.00000 -0.14101 -0.07317 -0.00000 19.80 3.00
1.00000 -0.14110 -0.07317 -0.00000 19.92 3.00
1.00000 -0.14118 -0.07318 -0.00000 20.04 3.00
1.00000 -0.14127 -0.07318 -0.00000 20.16 3.00
1.00000 -0.14135 -0.07318 -0.00000 20.28 3.00
1.00000 -0.14143 -0.07318 -0.00000 20.40 3.00
1.00000 -0.14151 -0.07319 -0.00000 20.52 3.00
1.00000 -0.14159 -0.07319 -0.00000 20.64 3.00
1.00000 -0.14167 -0.07319 -0.00000 20.76 3.00
1.00000 -0.14174 -0.07319 -0.00000 20.88 3.00
1.00000 -0.14182 -0.07319 -0.00000 21.00 3.00
1.00000 -0.14189 -0.07319 -0.00000 21.12 3.00
1.00000 -0.14197 -0.07320 -0.00000 21.24 3.00
1.00000 -0.14204 -0.07320 -0.00000 21.36 3.00
1.00000 -0.14211 -0.07320 -0.00000 21.48 3.00
1.00000 -0.14219 -0.07320 -0.00000 21.60 3.00
1.00000 -0.14226 -0.07320 -0.00000 21.72 3.00
1.00000 -0.14233 -0.07321 -0.00000 21.84 3.00
1.00000 -0.14240 -0.07321 -0.00000 21.96 3.00
1.00000 -0.14247 -0.07321 -0.00000 22.08 3.00
1.00000 -0.14253 -0.07321 -0.00000 22.20 3.00
1.00000 -0.14260 -0.07321 -0.00000 22.32 3.00
1.00000 -0.14267 -0.07321 -0.00000 22.44 3.00
1.00000 -0.14273 -0.07322 -0.00000 22.56 3.00
1.00000 -0.14280 -0.07322 -0.00000 22.68 3.00
1.00000 -0.14286 -0.07322 -0.00000 22.80 3.00
1.00000 -0.14292 -0.07322 -0.00000 22.92 3.00
1.00000 -0.14299 -0.07322 -0.00000 23.04 3.00
1.00000 -0.14305 -0.07322 -0.00000 23.16 3.00
1.00000 -0.14311 -0.07322 -0.00000 23.28 3.00
1.00000 -0.14317 -0.07323 -0.00000 23.40 3.00
1.00000 -0.14323 -0.07323 -0.00000 23.52 3.00
1.00000 -0.14329 -0.07323 -0.00000 23.64 3.00
1.00000 -0.14335 -0.07323 -0.00000 23.76 3.00
1.00000 -0.14341 -0.07323 -0.00000 23.88 3.00
1.00000 -0.14346 -0.07323 -0.00000 24.00 3.00
1.00000 -0.14352 -0.07323 -0.00000 24.12 3.00
1.00000 -0.14358 -0.07323 -0.00000 24.24 3.00
1.00000 -0.14363 -0.07324 -0.00000 24.36 3.00
1.00000 -0.14369 -0.07324 -0.00000 24.48 3.00
1.00000 -0.14374 -0.07324 -0.00000 24.60 3.00
1.00000 -0.14380 -0.07324 -0.00000 24.72 3.00
1.00000 -0.14385 -0.07324 -0.00000 24.84 3.00
1.00000 -0.14390 -0.07324 -0.00000 24.96 3.00
1.00000 -0.14395 -0.07324 -0.00000 25.08 3.00
1.00000 -0.14401 -0.07324 -0.00000 25.20 3.00
1.00000 -0.14406 -0.07324 -0.00000 25.32 3.00
1.00000 -0.14411 -0.07325 -0.00000 25.44 3.00
1.00000 -0.14416 -0.07325 -0.00000 25.56 3.00
1.00000 -0.14421 -0.07325 -0.00000 25.68 3.00
1.00000 -0.14426 -0.07325 -0.00000 25.80 3.00
1.00000 -0.14431 -0.07325 -0.00000 25.92 3.00
1.00000 -0.14435 -0.07325 -0.00000 26.04 3.00
1.00000 -0.14440 -0.07325 -0.00000 26.16 3.00
1.00000 -0.14445 -0.07325 -0.00000 26.28 3.00
1.00000 -0.14450 -0.07325 -0.00000 26.40 3.00
1.00000 -0.14454 -0.07325 -0.00000 26.52 3.00
1.00000 -0.14459 -0.07326 -0.00000 26.64 3.00
1.00000 -0.14463 -0.07326 -0.00000 26.76 3.00
1.00000 -0.14468 -0.07326 -0.00000 26.88 3.00
1.00000 -0.14472 -0.07326 -0.00000 27.00 3.00
1.00000 -0.14477 -0.07326 -0.00000 27.12 3.00
1.00000 -0.14481 -0.07326 -0.00000 27.24 3.00
1.00000 -0.14486 -0.07326 -0.00000 27.36 3.00
1.00000 -0.14490 -0.07326 -0.00000 27.48 3.00
1.00000 -0.14494 -0.07326 -0.00000 27.60 3.00
1.00000 -0.14499 -0.07326 -0.00000 27.72 3.00
1.00000 -0.14503 -0.07326 -0.00000 27.84 3.00
1.00000 -0.14507 -0.07327 -0.00000 27.96 3.00
1.00000 -0.14511 -0.07327 -0.00000 28.08 3.00
1.00000 -0.14515 -0.07327 -0.00000 28.20 3.00
1.00000 -0.14519 -0.07327 -0.00000 28.32 3.00
1.00000 -0.14523 -0.07327 -0.00000 28.44 3.00
1.00000 -0.14527 -0.07327 -0.00000 28.56 3.00
1.00000 -0.14531 -0.07327 -0.00000 28.68 3.00
1.00000 -0.14535 -0.07327 -0.00000 28.80 3.00
1.00000 -0.14539 -0.07327 -0.00000 28.92 3.00
1.00000 -0.14543 -0.07327 -0.00000 29.04 3.00
1.00000 -0.14547 -0.07327 -0.00000 29.16 3.00
1.00000 -0.14550 -0.07327 -0.00000 29.28 3.00
1.00000 -0.14554 -0.07327 -0.00000 29.40 3.00
1.00000 -0.14558 -0.07327 -0.00000 29.52 3.00
1.00000 -0.14561 -0.07328 -0.00000 29.64 3.00
1.00000 -0.14565 -0.07328 -0.00000 29.76 3.00
1.00000 -0.14569 -0.07328 -0.00000 29.88 3.00
1.00000 -0.14572 -0.07328 -0.00000 30.00 3.00
1.00000 -0.14576 -0.07328 -0.00000 30.12 3.00
1.00000 -0.14579 -0.07328 -0.00000 30.24 3.00
1.00000 -0.14583 -0.07328 -0.00000 30.36 3.00
1.00000 -0.14586 -0.07328 -0.00000 30.48 3.00
1.00000 -0.14590 -0.07328 -0.00000 30.60 3.00
1.00000 -0.14593 -0.07328 -0.00000 30.72 3.00
1.00000 -0.14597 -0.07328 -0.00000 30.84 3.00
1.00000 -0.14600 -0.07328 -0.00000 30.96 3.00
1.00000 -0.14603 -0.07328 -0.00000 31.08 3.00
1.00000 -0.14607 -0.07328 -0.00000 31.20 3.00
1.00000 -0.14610 -0.07328 -0.00000 31.32 3.00
1.00000 -0.14613 -0.07328 -0.00000 31.44 3.00
1.00000 -0.14616 -0.07329 -0.00000 31.56 3.00
1.00000 -0.14620 -0.07329 -0.00000 31.68 3.00
1.00000 -0.14623 -0.07329 -0.00000 31.80 3.00
1.00000 -0.14626 -0.07329 -0.00000 31.92 3.00
1.00000 -0.14629 -0.07329 -0.00000 32.04 3.00
1.00000 -0.14632 -0.07329 -0.00000 32.16 3.00
1.00000 -0.14635 -0.07329 -0.00000 32.28 3.00
1.00000 -0.14638 -0.07329 -0.00000 32.40 3.00
1.00000 -0.14641 -0.07329 -0.00000 32.52 3.00
1.00000 -0.14644 -0.07329 -0.00000 32.64 3.00
1.00000 -0.14647 -0.07329 -0.00000 32.76 3.00
1.00000 -0.14650 -0.07329 -0.00000 32.88 3.00
1.00000 -0.14653 -0.07329 -0.00000 33.00 3.00
1.00000 -0.14656 -0.07329 -0.00000 33.12 3.00
1.00000 -0.14659 -0.07329 -0.00000 33.24 3.00
1.00000 -0.14662 -0.07329 -0.00000 33.36 3.00
1.00000 -0.14665 -0.07329 -0.00000 33.48 3.00
1.00000 -0.14668 -0.07329 -0.00000 33.60 3.00
1.00000 -0.14670 -0.07329 -0.00000 33.72 3.00
1.00000 -0.14673 -0.07329 -0.00000 33.84 3.00
1.00000 -0.14676 -0.07330 -0.00000 33.96 3.00
1.00000 -0.14679 -0.07330 -0.00000 34.08 3.00
1.00000 -0.14681 -0.07330 -0.00000 34.20 3.00
1.00000 -0.14684 -0.07330 -0.00000 34.32 3.00
1.00000 -0.14687 -0.07330 -0.00000 34.44 3.00
1.00000 -0.14690 -0.07330 -0.00000 34.56 3.00
1.00000 -0.14692 -0.07330 -0.00000 34.68 3.00
1.00000 -0.14695 -0.07330 -0.00000 34.80 3.00
1.00000 -0.14697 -0.07330 -0.00000 34.92 3.00
1.00000 -0.14700 -0.07330 -0.00000 35.04 3.00
1.00000 -0.14703 -0.07330 -0.00000 35.16 3.00
1.00000 -0.14705 -0.07330 -0.00000 35.28 3.00
1.00000 -0.14708 -0.07330 -0.00000 35.40 3.00
1.00000 -0.14710 -0.07330 -0.00000 35.52 3.00
1.00000 -0.14713 -0.07330 -0.00000 35.64 3.00
1.00000 -0.14715 -0.07330 -0.00000 35.76 3.00
1.00000 -0.14718 -0.07330 -0.00000 35.88 3.00
1.00000 -0.14720 -0.07330 -0.00000 36.00 3.00
1.00000 -0.14723 -0.07330 -0.00000 36.12 3.00
1.00000 -0.14725 -0.07330 -0.00000 36.24 3.00
1.00000 -0.14727 -0.07330 -0.00000 36.36 3.00
1.00000 -0.14730 -0.07330 -0.00000 36.48 3.00
1.00000 -0.14732 -0.07330 -0.00000 36.60 3.00
1.00000 -0.14735 -0.07330 -0.00000 36.72 3.00
1.00000 -0.14737 -0.07330 -0.00000 36.84 3.00
1.00000 -0.14739 -0.07331 -0.00000 36.96 3.00
1.00000 -0.14742 -0.07331 -0.00000 37.08 3.00
1.00000 -0.14744 -0.07331 -0.00000 37.20 3.00
1.00000 -0.14746 -0.07331 -0.00000 37.32 3.00
1.00000 -0.14748 -0.07331 -0.00000 37.44 3.00
1.00000 -0.14751 -0.07331 -0.00000 37.56 3.00
1.00000 -0.14753 -0.07331 -0.00000 37.68 3.00
1.00000 -0.14755 -0.07331 -0.00000 37.80 3.00
1.00000 -0.14757 -0.07331 -0.00000 37.92 3.00
1.00000 -0.14759 -0.07331 -0.00000 38.04 3.00
1.00000 -0.14762 -0.07331 -0.00000 38.16 3.00
1.00000 -0.14764 -0.07331 -0.00000 38.28 3.00
1.00000 -0.14766 -0.07331 -0.00000 38.40 3.00
1.00000 -0.14768 -0.07331 -0.00000 38.52 3.00
1.00000 -0.14770 -0.07331 -0.00000 38.64 3.00
1.00000 -0.14772 -0.07331 -0.00000 38.76 3.00
1.00000 -0.14774 -0.07331 -0.00000 38.88 3.00
1.00000 -0.14776 -0.07331 -0.00000 39.00 3.00
1.00000 -0.14779 -0.07331 -0.00000 39.12 3.00
1.00000 -0.14781 -0.07331 -0.00000 39.24 3.00
1.00000 -0.14783 -0.07331 -0.00000 39.36 3.00
1.00000 -0.14785 -0.07331 -0.00000 39.48 3.00
1.00000 -0.14787 -0.07331 -0.00000 39.60 3.00
1.00000 -0.14789 -0.07331 -0.00000 39.72 3.00
1.00000 -0.14791 -0.07331 -0.00000 39.84 3.00
1.00000 -0.14793 -0.07331 -0.00000 39.96 3.00
1.00000 -0.14795 -0.07331 -0.00000 40.08 3.00
1.00000 -0.14797 -0.07331 -0.00000 40.20 3.00
1.00000 -0.14798 -0.07331 -0.00000 40.32 3.00
1.00000 -0.14800 -0.07331 -0.00000 40.44 3.00
1.00000 -0.14802 -0.07331 -0.00000 40.56 3.00
1.00000 -0.14804 -0.07331 -0.00000 40.68 3.00
1.00000 -0.14806 -0.07331 -0.00000 40.80 3.00
1.00000 -0.14808 -0.07332 -0.00000 40.92 3.00
1.00000 -0.14810 -0.07332 -0.00000 41.04 3.00
1.00000 -0.14812 -0.07332 -0.00000 41.16 3.00
1.00000 -0.14814 -0.07332 -0.00000 41.28 3.00
1.00000 -0.14815 -0.07332 -0.00000 41.40 3.00
1.00000 -0.14817 -0.07332 -0.00000 41.52 3.00
1.00000 -0.14819 -0.07332 -0.00000 41.64 3.00
1.00000 -0.14821 -0.07332 -0.00000 41.76 3.00
1.00000 -0.14823 -0.07332 -0.00000 41.88 3.00
1.00000 -0.14824 -0.07332 -0.00000 42.00 3.00
1.00000 -0.14826 -0.07332 -0.00000 42.12 3.00
1.00000 -0.14828 -0.07332 -0.00000 42.24 3.00
1.00000 -0.14830 -0.07332 -0.00000 42.36 3.00
1.00000 -0.14831 -0.07332 -0.00000 42.48 3.00
1.00000 -0.14833 -0.07332 -0.00000 42.60 3.00
1.00000 -0.14835 -0.07332 -0.00000 42.72 3.00
1.00000 -0.14837 -0.07332 -0.00000 42.84 3.00
1.00000 -0.14838 -0.07332 -0.00000 42.96 3.00
1.00000 -0.14840 -0.07332 -0.00000 43.08 3.00
1.00000 -0.14842 -0.07332 -0.00000 43.20 3.00
1.00000 -0.14843 -0.07332 -0.00000 43.32 3.00
1.00000 -0.14845 -0.07332 -0.00000 43.44 3.00
1.00000 -0.14847 -0.07332 -0.00000 43.56 3.00
1.00000 -0.14848 -0.07332 -0.00000 43.68 3.00
1.00000 -0.14850 -0.07332 -0.00000 43.80 3.00
1.00000 -0.14852 -0.07332 -0.00000 43.92 3.00
1.00000 -0.14853 -0.07332 -0.00000 44.04 3.00
1.00000 -0.14855 -0.07332 -0.00000 44.16 3.00
1.00000 -0.14856 -0.07332 -0.00000 44.28 3.00
1.00000 -0.14858 -0.07332 -0.00000 44.40 3.00
1.00000 -0.14860 -0.07332 -0.00000 44.52 3.00
1.00000 -0.14861 -0.07332 -0.00000 44.64 3.00
1.00000 -0.14863 -0.07332 -0.00000 44.76 3.00
1.00000 -0.14864 -0.07332 -0.00000 44.88 3.00
1.00000 -0.14866 -0.07332 -0.00000 45.00 3.00
1.00000 -0.14867 -0.07332 -0.00000 45.12 3.00
1.00000 -0.14869 -0.07332 -0.00000 45.24 3.00
1.00000 -0.14870 -0.07332 -0.00000 45.36 3.00
1.00000 -0.14872 -0.07332 -0.00000 45.48 3.00
1.00000 -0.14873 -0.07332 -0.00000 45.60 3.00
1.00000 -0.14875 -0.07332 -0.00000 45.72 3.00
1.00000 -0.14876 -0.07332 -0.00000 45.84 3.00
1.00000 -0.14878 -0.07332 -0.00000 45.96 3.00
1.00000 -0.14879 -0.07332 -0.00000 46.08 3.00
1.00000 -0.14881 -0.07332 -0.00000 46.20 3.00
1.00000 -0.14882 -0.07332 -0.00000 46.32 3.00
1.00000 -0.14884 -0.07332 -0.00000 46.44 3.00
1.00000 -0.14885 -0.07333 -0.00000 46.56 3.00
1.00000 -0.14887 -0.07333 -0.00000 46.68 3.00
1.00000 -0.14888 -0.07333 -0.00000 46.80 3.00
1.00000 -0.14889 -0.07333 -0.00000 46.92 3.00
1.00000 -0.14891 -0.07333 -0.00000 47.04 3.00
1.00000 -0.14892 -0.07333 -0.00000 47.16 3.00
1.00000 -0.14894 -0.07333 -0.00000 47.28 3.00
1.00000 -0.14895 -0.07333 -0.00000 47.40 3.00
1.00000 -0.14896 -0.07333 -0.00000 47.52 3.00
1.00000 -0.14898 -0.07333 -0.00000 47.64 3.00
1.00000 -0.14899 -0.07333 -0.00000 47.76 3.00
1.00000 -0.14900 -0.07333 -0.00000 47.88 3.00
1.00000 -0.14902 -0.07333 -0.00000 48.00 3.00
1.00000 -0.14903 -0.07333 -0.00000 48.12 3.00
1.00000 -0.14905 -0.07333 -0.00000 48.24 3.00
1.00000 -0.14906 -0.07333 -0.00000 48.36 3.00
1.00000 -0.14907 -0.07333 -0.00000 48.48 3.00
1.00000 -0.14909 -0.07333 -0.00000 48.60 3.00
1.00000 -0.14910 -0.07333 -0.00000 48.72 3.00
1.00000 -0.14911 -0.07333 -0.00000 48.84 3.00
1.00000 -0.14912 -0.07333 -0.00000 48.96 3.00
1.00000 -0.14914 -0.07333 -0.00000 49.08 3.00
1.00000 -0.14915 -0.07333 -0.00000 49.20 3.00
1.00000 -0.14916 -0.07333 -0.00000 49.32 3.00
1.00000 -0.14918 -0.07333 -0.00000 49.44 3.00
1.00000 -0.14919 -0.07333 -0.00000 49.56 3.00
1.00000 -0.14920 -0.07333 -0.00000 49.68 3.00
1.00000 -0.14921 -0.07333 -0.00000 49.80 3.00
1.00000 -0.14923 -0.07333 -0.00000 49.92 3.00
1.00000 -0.14924 -0.07333 -0.00000 50.04 3.00
1.00000 -0.14925 -0.07333 -0.00000 50.16 3.00
1.00000 -0.14926 -0.07333 -0.00000 50.28 3.00
1.00000 -0.14928 -0.07333 -0.00000 50.40 3.00
1.00000 -0.14929 -0.07333 -0.00000 50.52 3.00
1.00000 -0.14930 -0.07333 -0.00000 50.64 3.00
1.00000 -0.14931 -0.07333 -0.00000 50.76 3.00
1.00000 -0.14932 -0.07333 -0.00000 50.88 3.00
1.00000 -0.14934 -0.07333 -0.00000 51.00 3.00
1.00000 -0.14935 -0.07333 -0.00000 51.12 3.00
1.00000 -0.14936 -0.07333 -0.00000 51.24 3.00
1.00000 -0.14937 -0.07333 -0.00000 51.36 3.00
1.00000 -0.14938 -0.07333 -0.00000 51.48 3.00
1.00000 -0.14939 -0.07333 -0.00000 51.60 3.00
1.00000 -0.14941 -0.07333 -0.00000 51.72 3.00
1.00000 -0.14942 -0.07333 -0.00000 51.84 3.00
1.00000 -0.14943 -0.07333 -0.00000 51.96 3.00
1.00000 -0.14944 -0.07333 -0.00000 52.08 3.00
1.00000 -0.14945 -0.07333 -0.00000 52.20 3.00
1.00000 -0.14946 -0.07333 -0.00000 52.32 3.00
1.00000 -0.14947 -0.07333 -0.00000 52.44 3.00
1.00000 -0.14949 -0.07333 -0.00000 52.56 3.00
1.00000 -0.14950 -0.07333 -0.00000 52.68 3.00
1.00000 -0.14951 -0.07333 -0.00000 52.80 3.00
1.00000 -0.14952 -0.07333 -0.00000 52.92 3.00
1.00000 -0.14953 -0.07333 -0.00000 53.04 3.00
1.00000 -0.14954 -0.07333 -0.00000 53.16 3.00
1.00000 -0.14955 -0.07333 -0.00000 53.28 3.00
1.00000 -0.14956 -0.07333 -0.00000 53.40 3.00
1.00000 -0.14957 -0.07333 -0.00000 53.52 3.00
1.00000 -0.14958 -0.07333 -0.00000 53.64 3.00
1.00000 -0.14959 -0.07333 -0.00000 53.76 3.00
1.00000 -0.14961 -0.07333 -0.00000 53.88 3.00
1.00000 -0.14962 -0.07333 -0.00000 54.00 3.00
1.00000 -0.14963 -0.07333 -0.00000 54.12 3.00
1.00000 -0.14964 -0.07333 -0.00000 54.24 3.00
1.00000 -0.14965 -0.07333 -0.00000 54.36 3.00
1.00000 -0.14966 -0.07333 -0.00000 54.48 3.00
1.00000 -0.14967 -0.07333 -0.00000 54.60 3.00
1.00000 -0.14968 -0.07333 -0.00000 54.72 3.00
1.00000 -0.14969 -0.07333 -0.00000 54.84 3.00
1.00000 -0.14970 -0.07333 -0.00000 54.96 3.00
1.00000 -0.14971 -0.07333 -0.00000 55.08 3.00
1.00000 -0.14972 -0.07333 -0.00000 55.20 3.00
1.00000 -0.14973 -0.07333 -0.00000 55.32 3.00
1.00000 -0.14974 -0.07334 -0.00000 55.44 3.00
1.00000 -0.14975 -0.07334 -0.00000 55.56 3.00
1.00000 -0.14976 -0.07334 -0.00000 55.68 3.00
1.00000 -0.14977 -0.07334 -0.00000 55.80 3.00
1.00000 -0.14978 -0.07334 -0.00000 55.92 3.00
1.00000 -0.14979 -0.07334 -0.00000 56.04 3.00
1.00000 -0.14980 -0.07334 -0.00000 56.16 3.00
1.00000 -0.14981 -0.07334 -0.00000 56.28 3.00
1.00000 -0.14982 -0.07334 -0.00000 56.40 3.00
1.00000 -0.14983 -0.07334 -0.00000 56.52 3.00
1.00000 -0.14984 -0.07334 -0.00000 56.64 3.00
1.00000 -0.14985 -0.07334 -0.00000 56.76 3.00
1.00000 -0.14986 -0.07334 -0.00000 56.88 3.00
1.00000 -0.14987 -0.07334 -0.00000 57.00 3.00
1.00000 -0.14988 -0.07334 -0.00000 57.12 3.00
1.00000 -0.14989 -0.07334 -0.00000 57.24 3.00
1.00000 -0.14989 -0.07334 -0.00000 57.36 3.00
1.00000 -0.14990 -0.07334 -0.00000 57.48 3.00
1.00000 -0.14991 -0.07334 -0.00000 57.60 3.00
1.00000 -0.14992 -0.07334 -0.00000 57.72 3.00
1.00000 -0.14993 -0.07334 -0.00000 57.84 3.00
1.00000 -0.14994 -0.07334 -0.00000 57.96 3.00
1.00000 -0.14995 -0.07334 -0.00000 58.08 3.00
1.00000 -0.14996 -0.07334 -0.00000 58.20 3.00
1.00000 -0.14997 -0.07334 -0.00000 58.32 3.00
1.00000 -0.14998 -0.07334 -0.00000 58.44 3.00
1.00000 -0.14999 -0.07334 -0.00000 58.56 3.00
1.00000 -0.15000 -0.07334 -0.00000 58.68 3.00
1.00000 -0.15000 -0.07334 -0.00000 58.80 3.00
1.00000 -0.15001 -0.07334 -0.00000 58.92 3.00
1.00000 -0.15002 -0.07334 -0.00000 59.04 3.00
1.00000 -0.15003 -0.07334 -0.00000 59.16 3.00
1.00000 -0.15004 -0.07334 -0.00000 59.28 3.00
1.00000 -0.15005 -0.07334 -0.00000 59.40 3.00
1.00000 -0.15006 -0.07334 -0.00000 59.52 3.00
1.00000 -0.15007 -0.07334 -0.00000 59.64 3.00
1.00000 -0.15007 -0.07334 -0.00000 59.76 3.00
1.00000 -0.15008 -0.07334 -0.00000 59.88 3.00
