# a0 a2 a4 a6 delta sigmaJ
1.00000 -0.16605 0.02283 -0.00000 -60.00 1.50
1.00000 -0.16602 0.02283 -0.00000 -59.88 1.50
1.00000 -0.16599 0.02283 -0.00000 -59.76 1.50
1.00000 -0.16596 0.02283 -0.00000 -59.64 1.50
1.00000 -0.16594 0.02283 -0.00000 -59.52 1.50
1.00000 -0.16591 0.02283 -0.00000 -59.40 1.50
1.00000 -0.16588 0.02283 -0.00000 -59.28 1.50
1.00000 -0.16585 0.02283 -0.00000 -59.16 1.50
1.00000 -0.16582 0.02283 -0.00000 -59.04 1.50
1.00000 -0.16579 0.02283 -0.00000 -58.92 1.50
1.00000 -0.16576 0.02283 -0.00000 -58.80 1.50
1.00000 -0.16573 0.02283 -0.00000 -58.68 1.50
1.00000 -0.16570 0.02283 -0.00000 -58.56 1.50
1.00000 -0.16567 0.02283 -0.00000 -58.44 1.50
1.00000 -0.16564 0.02283 -0.00000 -58.32 1.50
1.00000 -0.16561 0.02283 -0.00000 -58.20 1.50
1.00000 -0.16558 0.02283 -0.00000 -58.08 1.50
1.00000 -0.16555 0.02283 -0.00000 -57.96 1.50
1.00000 -0.16552 0.02283 -0.00000 -57.84 1.50
1.00000 -0.16549 0.02283 -0.00000 -57.72 1.50
1.00000 -0.16546 0.02283 -0.00000 -57.60 1.50
1.00000 -0.16543 0.02283 -0.00000 -57.48 1.50
1.00000 -0.16540 0.02283 -0.00000 -57.36 1.50
1.00000 -0.16537 0.02283 -0.00000 -57.24 1.50
1.00000 -0.16534 0.02283 -0.00000 -57.12 1.50
1.00000 -0.16531 0.02283 -0.00000 -57.00 1.50
1.00000 -0.16528 0.02283 -0.00000 -56.88 1.50
1.00000 -0.16525 0.02283 -0.00000 -56.76 1.50
1.00000 -0.16522 0.02283 -0.00000 -56.64 1.50
1.00000 -0.16518 0.02283 -0.00000 -56.52 1.50
1.00000 -0.16515 0.02283 -0.00000 -56.40 1.50
1.00000 -0.16512 0.02283 -0.00000 -56.28 1.50
1.00000 -0.16509 0.02283 -0.00000 -56.16 1.50
1.00000 -0.16506 0.02283 -0.00000 -56.04 1.50
1.00000 -0.16502 0.02283 -0.00000 -55.92 1.50
1.00000 -0.16499 0.02283 -0.00000 -55.80 1.50
1.00000 -0.16496 0.02283 -0.00000 -55.68 1.50
1.00000 -0.16493 0.02283 -0.00000 -55.56 1.50
1.00000 -0.16489 0.02283 -0.00000 -55.44 1.50
1.00000 -0.16486 0.02283 -0.00000 -55.32 1.50
1.00000 -0.16483 0.02283 -0.00000 -55.20 1.50
1.00000 -0.16479 0.02283 -0.00000 -55.08 1.50
1.00000 -0.16476 0.02283 -0.00000 -54.96 1.50
1.00000 -0.16473 0.02283 -0.00000 -54.84 1.50
1.00000 -0.16469 0.02283 -0.00000 -54.72 1.50
1.00000 -0.16466 0.02283 -0.00000 -54.60 1.50
1.00000 -0.16463 0.02283 -0.00000 -54.48 1.50
1.00000 -0.16459 0.02283 -0.00000 -54.36 1.50
1.00000 -0.16456 0.02283 -0.00000 -54.24 1.50
1.00000 -0.16452 0.02283 -0.00000 -54.12 1.50
1.00000 -0.16449 0.02283 -0.00000 -54.00 1.50
1.00000 -0.16445 0.02283 -0.00000 -53.88 1.50
1.00000 -0.16442 0.02283 -0.00000 -53.76 1.50
1.00000 -0.16438 0.02283 -0.00000 -53.64 1.50
1.00000 -0.16435 0.02283 -0.00000 -53.52 1.50
1.00000 -0.16431 0.02283 -0.00000 -53.40 1.50
1.00000 -0.16428 0.02283 -0.00000 -53.28 1.50
1.00000 -0.16424 0.02283 -0.00000 -53.16 1.50
1.00000 -0.16421 0.02283 -0.00000 -53.04 1.50
1.00000 -0.16417 0.02283 -0.00000 -52.92 1.50
1.00000 -0.16413 0.02283 -0.00000 -52.80 1.50
1.00000 -0.16410 0.02283 -0.00000 -52.68 1.50
1.00000 -0.16406 0.02283 -0.00000 -52.56 1.50
1.00000 -0.16402 0.02283 -0.00000 -52.44 1.50
1.00000 -0.16399 0.02283 -0.00000 -52.32 1.50
1.00000 -0.16395 0.02283 -0.00000 -52.20 1.50
1.00000 -0.16391 0.02283 -0.00000 -52.08 1.50
1.00000 -0.16388 0.02283 -0.00000 -51.96 1.50
1.00000 -0.16384 0.02283 -0.00000 -51.84 1.50
1.00000 -0.16380 0.02283 -0.00000 -51.72 1.50
1.00000 -0.16376 0.02283 -0.00000 -51.60 1.50
1.00000 -0.16372 0.02283 -0.00000 -51.48 1.50
1.00000 -0.16369 0.02283 -0.00000 -51.36 1.50
1.00000 -0.16365 0.02283 -0.00000 -51.24 1.50
1.00000 -0.16361 0.02283 -0.00000 -51.12 1.50
1.00000 -0.16357 0.02283 -0.00000 -51.00 1.50
1.00000 -0.16353 0.02283 -0.00000 -50.88 1.50
1.00000 -0.16349 0.02283 -0.00000 -50.76 1.50
1.00000 -0.16345 0.02283 -0.00000 -50.64 1.50
1.00000 -0.16341 0.02283 -0.00000 -50.52 1.50
1.00000 -0.16337 0.02283 -0.00000 -50.40 1.50
1.00000 -0.16333 0.02283 -0.00000 -50.28 1.50
1.00000 -0.16329 0.02283 -0.00000 -50.16 1.50
1.00000 -0.16325 0.02283 -0.00000 -50.04 1.50
1.00000 -0.16321 0.02283 -0.00000 -49.92 1.50
1.00000 -0.16317 0.02283 -0.00000 -49.80 1.50
1.00000 -0.16313 0.02283 -0.00000 -49.68 1.50
1.00000 -0.16309 0.02283 -0.00000 -49.56 1.50
1.00000 -0.16305 0.02283 -0.00000 -49.44 1.50
1.00000 -0.16301 0.02283 -0.00000 -49.32 1.50
1.00000 -0.16296 0.02283 -0.00000 -49.20 1.50
1.00000 -0.16292 0.02283 -0.00000 -49.08 1.50
1.00000 -0.16288 0.02283 -0.00000 -48.96 1.50
1.00000 -0.16284 0.02283 -0.00000 -48.84 1.50
1.00000 -0.16280 0.02283 -0.00000 -48.72 1.50
1.00000 -0.16275 0.02283 -0.00000 -48.60 1.50
1.00000 -0.16271 0.02283 -0.00000 -48.48 1.50
1.00000 -0.16267 0.02283 -0.00000 -48.36 1.50
1.00000 -0.16262 0.02283 -0.00000 -48.24 1.50
1.00000 -0.16258 0.02283 -0.00000 -48.12 1.50
1.00000 -0.16254 0.02283 -0.00000 -48.00 1.50
1.00000 -0.16249 0.02283 -0.00000 -47.88 1.50
1.00000 -0.16245 0.02283 -0.00000 -47.76 1.50
1.00000 -0.16240 0.02283 -0.00000 -47.64 1.50
1.00000 -0.16236 0.02283 -0.00000 -47.52 1.50
1.00000 -0.16231 0.02283 -0.00000 -47.40 1.50
1.00000 -0.16227 0.02283 -0.00000 -47.28 1.50
1.00000 -0.16222 0.02283 -0.00000 -47.16 1.50
1.00000 -0.16218 0.02283 -0.00000 -47.04 1.50
1.00000 -0.16213 0.02283 -0.00000 -46.92 1.50
1.00000 -0.16209 0.02283 -0.00000 -46.80 1.50
1.00000 -0.16204 0.02283 -0.00000 -46.68 1.50
1.00000 -0.16199 0.02283 -0.00000 -46.56 1.50
1.00000 -0.16195 0.02283 -0.00000 -46.44 1.50
1.00000 -0.16190 0.02283 -0.00000 -46.32 1.50
1.00000 -0.16185 0.02283 -0.00000 -46.20 1.50
1.00000 -0.16180 0.02283 -0.00000 -46.08 1.50
1.00000 -0.16176 0.02283 -0.00000 -45.96 1.50
1.00000 -0.16171 0.02283 -0.00000 -45.84 1.50
1.00000 -0.16166 0.02283 -0.00000 -45.72 1.50
1.00000 -0.16161 0.02283 -0.00000 -45.60 1.50
1.00000 -0.16156 0.02283 -0.00000 -45.48 1.50
1.00000 -0.16151 0.02283 -0.00000 -45.36 1.50
1.00000 -0.16146 0.02283 -0.00000 -45.24 1.50
1.00000 -0.16141 0.02283 -0.00000 -45.12 1.50
1.00000 -0.16136 0.02283 -0.00000 -45.00 1.50
1.00000 -0.16131 0.02283 -0.00000 -44.88 1.50
1.00000 -0.16126 0.02283 -0.00000 -44.76 1.50
1.00000 -0.16121 0.02283 -0.00000 -44.64 1.50
1.00000 -0.16116 0.02283 -0.00000 -44.52 1.50
1.00000 -0.16111 0.02283 -0.00000 -44.40 1.50
1.00000 -0.16106 0.02283 -0.00000 -44.28 1.50
1.00000 -0.16101 0.02283 -0.00000 -44.16 1.50
1.00000 -0.16096 0.02283 -0.00000 -44.04 1.50
1.00000 -0.16090 0.02283 -0.00000 -43.92 1.50
1.00000 -0.16085 0.02283 -0.00000 -43.80 1.50
1.00000 -0.16080 0.02283 -0.00000 -43.68 1.50
1.00000 -0.16075 0.02283 -0.00000 -43.56 1.50
1.00000 -0.16069 0.02283 -0.00000 -43.44 1.50
1.00000 -0.16064 0.02283 -0.00000 -43.32 1.50
1.00000 -0.16058 0.02283 -0.00000 -43.20 1.50
1.00000 -0.16053 0.02283 -0.00000 -43.08 1.50
1.00000 -0.16047 0.02283 -0.00000 -42.96 1.50
1.00000 -0.16042 0.02283 -0.00000 -42.84 1.50
1.00000 -0.16036 0.02283 -0.00000 -42.72 1.50
1.00000 -0.16031 0.02283 -0.00000 -42.60 1.50
1.00000 -0.16025 0.02283 -0.00000 -42.48 1.50
1.00000 -0.16020 0.02283 -0.00000 -42.36 1.50
1.00000 -0.16014 0.02283 -0.00000 -42.24 1.50
1.00000 -0.16008 0.02283 -0.00000 -42.12 1.50
1.00000 -0.16003 0.02283 -0.00000 -42.00 1.50
1.00000 -0.15997 0.02283 -0.00000 -41.88 1.50
1.00000 -0.15991 0.02283 -0.00000 -41.76 1.50
1.00000 -0.15985 0.02283 -0.00000 -41.64 1.50
1.00000 -0.15979 0.02283 -0.00000 -41.52 1.50
1.00000 -0.15974 0.02283 -0.00000 -41.40 1.50
1.00000 -0.15968 0.02283 -0.00000 -41.28 1.50
1.00000 -0.15962 0.02283 -0.00000 -41.16 1.50
1.00000 -0.15956 0.02283 -0.00000 -41.04 1.50
1.00000 -0.15950 0.02283 -0.00000 -40.92 1.50
1.00000 -0.15944 0.02283 -0.00000 -40.80 1.50
1.00000 -0.15937 0.02283 -0.00000 -40.68 1.50
1.00000 -0.15931 0.02283 -0.00000 -40.56 1.50
1.00000 -0.15925 0.02283 -0.00000 -40.44 1.50
1.00000 -0.15919 0.02283 -0.00000 -40.32 1.50
1.00000 -0.15913 0.02283 -0.00000 -40.20 1.50
1.00000 -0.15906 0.02283 -0.00000 -40.08 1.50
1.00000 -0.15900 0.02283 -0.00000 -39.96 1.50
1.00000 -0.15894 0.02283 -0.00000 -39.84 1.50
1.00000 -0.15887 0.02283 -0.00000 -39.72 1.50
1.00000 -0.15881 0.02283 -0.00000 -39.60 1.50
1.00000 -0.15874 0.02283 -0.00000 -39.48 1.50
1.00000 -0.15868 0.02282 -0.00000 -39.36 1.50
1.00000 -0.15861 0.02282 -0.00000 -39.24 1.50
1.00000 -0.15855 0.02282 -0.00000 -39.12 1.50
1.00000 -0.15848 0.02282 -0.00000 -39.00 1.50
1.00000 -0.15841 0.02282 -0.00000 -38.88 1.50
1.00000 -0.15835 0.02282 -0.00000 -38.76 1.50
1.00000 -0.15828 0.02282 -0.00000 -38.64 1.50
1.00000 -0.15821 0.02282 -0.00000 -38.52 1.50
1.00000 -0.15814 0.02282 -0.00000 -38.40 1.50
1.00000 -0.15807 0.02282 -0.00000 -38.28 1.50
1.00000 -0.15800 0.02282 -0.00000 -38.16 1.50
1.00000 -0.15794 0.02282 -0.00000 -38.04 1.50
1.00000 -0.15787 0.02282 -0.00000 -37.92 1.50
1.00000 -0.15779 0.02282 -0.00000 -37.80 1.50
1.00000 -0.15772 0.02282 -0.00000 -37.68 1.50
1.00000 -0.15765 0.02282 -0.00000 -37.56 1.50
1.00000 -0.15758 0.02282 -0.00000 -37.44 1.50
1.00000 -0.15751 0.02282 -0.00000 -37.32 1.50
1.00000 -0.15743 0.02282 -0.00000 -37.20 1.50
1.00000 -0.15736 0.02282 -0.00000 -37.08 1.50
1.00000 -0.15729 0.02282 -0.00000 -36.96 1.50
1.00000 -0.15721 0.02282 -0.00000 -36.84 1.50
1.00000 -0.15714 0.02282 -0.00000 -36.72 1.50
1.00000 -0.15706 0.02282 -0.00000 -36.60 1.50
1.00000 -0.15699 0.02282 -0.00000 -36.48 1.50
1.00000 -0.15691 0.02282 -0.00000 -36.36 1.50
1.00000 -0.15683 0.02282 -0.00000 -36.24 1.50
1.00000 -0.15676 0.02282 -0.00000 -36.12 1.50
1.00000 -0.15668 0.02282 -0.00000 -36.00 1.50
1.00000 -0.15660 0.02282 -0.00000 -35.88 1.50
1.00000 -0.15652 0.02282 -0.00000 -35.76 1.50
1.00000 -0.15644 0.02282 -0.00000 -35.64 1.50
1.00000 -0.15636 0.02282 -0.00000 -35.52 1.50
1.00000 -0.15628 0.02282 -0.00000 -35.40 1.50
1.00000 -0.15620 0.02282 -0.00000 -35.28 1.50
1.00000 -0.15612 0.02282 -0.00000 -35.16 1.50
1.00000 -0.15604 0.02282 -0.00000 -35.04 1.50
1.00000 -0.15595 0.02282 -0.00000 -34.92 1.50
1.00000 -0.15587 0.02282 -0.00000 -34.80 1.50
1.00000 -0.15579 0.02282 -0.00000 -34.68 1.50
1.00000 -0.15570 0.02282 -0.00000 -34.56 1.50
1.00000 -0.15562 0.02282 -0.00000 -34.44 1.50
1.00000 -0.15553 0.02282 -0.00000 -34.32 1.50
1.00000 -0.15544 0.02282 -0.00000 -34.20 1.50
1.00000 -0.15536 0.02282 -0.00000 -34.08 1.50
1.00000 -0.15527 0.02282 -0.00000 -33.96 1.50
1.00000 -0.15518 0.02282 -0.00000 -33.84 1.50
1.00000 -0.15509 0.02282 -0.00000 -33.72 1.50
1.00000 -0.15500 0.02282 -0.00000 -33.60 1.50
1.00000 -0.15491 0.02282 -0.00000 -33.48 1.50
1.00000 -0.15482 0.02282 -0.00000 -33.36 1.50
1.00000 -0.15473 0.02282 -0.00000 -33.24 1.50
1.00000 -0.15464 0.02282 -0.00000 -33.12 1.50
1.00000 -0.15455 0.02282 -0.00000 -33.00 1.50
1.00000 -0.15445 0.02282 -0.00000 -32.88 1.50
1.00000 -0.15436 0.02282 -0.00000 -32.76 1.50
1.00000 -0.15427 0.02282 -0.00000 -32.64 1.50
1.00000 -0.15417 0.02282 -0.00000 -32.52 1.50
1.00000 -0.15407 0.02282 -0.00000 -32.40 1.50
1.00000 -0.15398 0.02282 -0.00000 -32.28 1.50
1.00000 -0.15388 0.02282 -0.00000 -32.16 1.50
1.00000 -0.15378 0.02282 -0.00000 -32.04 1.50
1.00000 -0.15368 0.02282 -0.00000 -31.92 1.50
1.00000 -0.15358 0.02282 -0.00000 -31.80 1.50
1.00000 -0.15348 0.02282 -0.00000 -31.68 1.50
1.00000 -0.15338 0.02282 -0.00000 -31.56 1.50
1.00000 -0.15328 0.02282 -0.00000 -31.44 1.50
1.00000 -0.15318 0.02282 -0.00000 -31.32 1.50
1.00000 -0.15307 0.02282 -0.00000 -31.20 1.50
1.00000 -0.15297 0.02282 -0.00000 -31.08 1.50
1.00000 -0.15286 0.02282 -0.00000 -30.96 1.50
1.00000 -0.15276 0.02282 -0.00000 -30.84 1.50
1.00000 -0.15265 0.02282 -0.00000 -30.72 1.50
1.00000 -0.15254 0.02282 -0.00000 -30.60 1.50
1.00000 -0.15243 0.02282 -0.00000 -30.48 1.50
1.00000 -0.15232 0.02281 -0.00000 -30.36 1.50
1.00000 -0.15221 0.02281 -0.00000 -30.24 1.50
1.00000 -0.15210 0.02281 -0.00000 -30.12 1.50
1.00000 -0.15199 0.02281 -0.00000 -30.00 1.50
1.00000 -0.15188 0.02281 -0.00000 -29.88 1.50
1.00000 -0.15176 0.02281 -0.00000 -29.76 1.50
1.00000 -0.15165 0.02281 -0.00000 -29.64 1.50
1.00000 -0.15153 0.02281 -0.00000 -29.52 1.50
1.00000 -0.15142 0.02281 -0.00000 -29.40 1.50
1.00000 -0.15130 0.02281 -0.00000 -29.28 1.50
1.00000 -0.15118 0.02281 -0.00000 -29.16 1.50
1.00000 -0.15106 0.02281 -0.00000 -29.04 1.50
1.00000 -0.15094 0.02281 -0.00000 -28.92 1.50
1.00000 -0.15082 0.02281 -0.00000 -28.80 1.50
1.00000 -0.15070 0.02281 -0.00000 -28.68 1.50
1.00000 -0.15057 0.02281 -0.00000 -28.56 1.50
1.00000 -0.15045 0.02281 -0.00000 -28.44 1.50
1.00000 -0.15032 0.02281 -0.00000 -28.32 1.50
1.00000 -0.15019 0.02281 -0.00000 -28.20 1.50
1.00000 -0.15007 0.02281 -0.00000 -28.08 1.50
1.00000 -0.14994 0.02281 -0.00000 -27.96 1.50
1.00000 -0.14981 0.02281 -0.00000 -27.84 1.50
1.00000 -0.14968 0.02281 -0.00000 -27.72 1.50
1.00000 -0.14954 0.02281 -0.00000 -27.60 1.50
1.00000 -0.14941 0.02281 -0.00000 -27.48 1.50
1.00000 -0.14928 0.02281 -0.00000 -27.36 1.50
1.00000 -0.14914 0.02281 -0.00000 -27.24 1.50
1.00000 -0.14900 0.02281 -0.00000 -27.12 1.50
1.00000 -0.14886 0.02281 -0.00000 -27.00 1.50
1.00000 -0.14872 0.02281 -0.00000 -26.88 1.50
1.00000 -0.14858 0.02281 -0.00000 -26.76 1.50
1.00000 -0.14844 0.02281 -0.00000 -26.64 1.50
1.00000 -0.14830 0.02281 -0.00000 -26.52 1.50
1.00000 -0.14815 0.02281 -0.00000 -26.40 1.50
1.00000 -0.14801 0.02281 -0.00000 -26.28 1.50
1.00000 -0.14786 0.02281 -0.00000 -26.16 1.50
1.00000 -0.14771 0.02281 -0.00000 -26.04 1.50
1.00000 -0.14756 0.02281 -0.00000 -25.92 1.50
1.00000 -0.14741 0.02281 -0.00000 -25.80 1.50
1.00000 -0.14726 0.02281 -0.00000 -25.68 1.50
1.00000 -0.14710 0.02280 -0.00000 -25.56 1.50
1.00000 -0.14695 0.02280 -0.00000 -25.44 1.50
1.00000 -0.14679 0.02280 -0.00000 -25.32 1.50
1.00000 -0.14663 0.02280 -0.00000 -25.20 1.50
1.00000 -0.14647 0.02280 -0.00000 -25.08 1.50
1.00000 -0.14631 0.02280 -0.00000 -24.96 1.50
1.00000 -0.14615 0.02280 -0.00000 -24.84 1.50
1.00000 -0.14598 0.02280 -0.00000 -24.72 1.50
1.00000 -0.14581 0.02280 -0.00000 -24.60 1.50
1.00000 -0.14565 0.02280 -0.00000 -24.48 1.50
1.00000 -0.14548 0.02280 -0.00000 -24.36 1.50
1.00000 -0.14531 0.02280 -0.00000 -24.24 1.50
1.00000 -0.14513 0.02280 -0.00000 -24.12 1.50
1.00000 -0.14496 0.02280 -0.00000 -24.00 1.50
1.00000 -0.14478 0.02280 -0.00000 -23.88 1.50
1.00000 -0.14460 0.02280 -0.00000 -23.76 1.50
1.00000 -0.14442 0.02280 -0.00000 -23.64 1.50
1.00000 -0.14424 0.02280 -0.00000 -23.52 1.50
1.00000 -0.14406 0.02280 -0.00000 -23.40 1.50
1.00000 -0.14387 0.02280 -0.00000 -23.28 1.50
1.00000 -0.14368 0.02280 -0.00000 -23.16 1.50
1.00000 -0.14349 0.02280 -0.00000 -23.04 1.50
1.00000 -0.14330 0.02280 -0.00000 -22.92 1.50
1.00000 -0.14311 0.02280 -0.00000 -22.80 1.50
1.00000 -0.14291 0.02280 -0.00000 -22.68 1.50
1.00000 -0.14271 0.02279 -0.00000 -22.56 1.50
1.00000 -0.14251 0.02279 -0.00000 -22.44 1.50
1.00000 -0.14231 0.02279 -0.00000 -22.32 1.50
1.00000 -0.14211 0.02279 -0.00000 -22.20 1.50
1.00000 -0.14190 0.02279 -0.00000 -22.08 1.50
1.00000 -0.14169 0.02279 -0.00000 -21.96 1.50
1.00000 -0.14148 0.02279 -0.00000 -21.84 1.50
1.00000 -0.14127 0.02279 -0.00000 -21.72 1.50
1.00000 -0.14105 0.02279 -0.00000 -21.60 1.50
1.00000 -0.14083 0.02279 -0.00000 -21.48 1.50
1.00000 -0.14061 0.02279 -0.00000 -21.36 1.50
1.00000 -0.14039 0.02279 -0.00000 -21.24 1.50
1.00000 -0.14016 0.02279 -0.00000 -21.12 1.50
1.00000 -0.13993 0.02279 -0.00000 -21.00 1.50
1.00000 -0.13970 0.02279 -0.00000 -20.88 1.50
1.00000 -0.13947 0.02279 -0.00000 -20.76 1.50
1.00000 -0.13923 0.02279 -0.00000 -20.64 1.50
1.00000 -0.13899 0.02279 -0.00000 -20.52 1.50
1.00000 -0.13875 0.02278 -0.00000 -20.40 1.50
1.00000 -0.13851 0.02278 -0.00000 -20.28 1.50
1.00000 -0.13826 0.02278 -0.00000 -20.16 1.50
1.00000 -0.13801 0.02278 -0.00000 -20.04 1.50
1.00000 -0.13776 0.02278 -0.00000 -19.92 1.50
1.00000 -0.13750 0.02278 -0.00000 -19.80 1.50
1.00000 -0.13724 0.02278 -0.00000 -19.68 1.50
1.00000 -0.13698 0.02278 -0.00000 -19.56 1.50
1.00000 -0.13671 0.02278 -0.00000 -19.44 1.50
1.00000 -0.13644 0.02278 -0.00000 -19.32 1.50
1.00000 -0.13617 0.02278 -0.00000 -19.20 1.50
1.00000 -0.13589 0.02278 -0.00000 -19.08 1.50
1.00000 -0.13561 0.02278 -0.00000 -18.96 1.50
1.00000 -0.13533 0.02278 -0.00000 -18.84 1.50
1.00000 -0.13504 0.02277 -0.00000 -18.72 1.50
1.00000 -0.13475 0.02277 -0.00000 -18.60 1.50
1.00000 -0.13446 0.02277 -0.00000 -18.48 1.50
1.00000 -0.13416 0.02277 -0.00000 -18.36 1.50
1.00000 -0.13386 0.02277 -0.00000 -18.24 1.50
1.00000 -0.13355 0.02277 -0.00000 -18.12 1.50
1.00000 -0.13324 0.02277 -0.00000 -18.00 1.50
1.00000 -0.13292 0.02277 -0.00000 -17.88 1.50
1.00000 -0.13261 0.02277 -0.00000 -17.76 1.50
1.00000 -0.13228 0.02277 -0.00000 -17.64 1.50
1.00000 -0.13196 0.02277 -0.00000 -17.52 1.50
1.00000 -0.13162 0.02276 -0.00000 -17.40 1.50
1.00000 -0.13129 0.02276 -0.00000 -17.28 1.50
1.00000 -0.13095 0.02276 -0.00000 -17.16 1.50
1.00000 -0.13060 0.02276 -0.00000 -17.04 1.50
1.00000 -0.13025 0.02276 -0.00000 -16.92 1.50
1.00000 -0.12989 0.02276 -0.00000 -16.80 1.50
1.00000 -0.12953 0.02276 -0.00000 -16.68 1.50
1.00000 -0.12917 0.02276 -0.00000 -16.56 1.50
1.00000 -0.12880 0.02276 -0.00000 -16.44 1.50
1.00000 -0.12842 0.02275 -0.00000 -16.32 1.50
1.00000 -0.12804 0.02275 -0.00000 -16.20 1.50
1.00000 -0.12765 0.02275 -0.00000 -16.08 1.50
1.00000 -0.12725 0.02275 -0.00000 -15.96 1.50
1.00000 -0.12685 0.02275 -0.00000 -15.84 1.50
1.00000 -0.12645 0.02275 -0.00000 -15.72 1.50
1.00000 -0.12604 0.02275 -0.00000 -15.60 1.50
1.00000 -0.12562 0.02274 -0.00000 -15.48 1.50
1.00000 -0.12519 0.02274 -0.00000 -15.36 1.50
1.00000 -0.12476 0.02274 -0.00000 -15.24 1.50
1.00000 -0.12432 0.02274 -0.00000 -15.12 1.50
1.00000 -0.12388 0.02274 -0.00000 -15.00 1.50
1.00000 -0.12342 0.02274 -0.00000 -14.88 1.50
1.00000 -0.12296 0.02274 -0.00000 -14.76 1.50
1.00000 -0.12250 0.02273 -0.00000 -14.64 1.50
1.00000 -0.12202 0.02273 -0.00000 -14.52 1.50
1.00000 -0.12154 0.02273 -0.00000 -14.40 1.50
1.00000 -0.12105 0.02273 -0.00000 -14.28 1.50
1.00000 -0.12055 0.02273 -0.00000 -14.16 1.50
1.00000 -0.12004 0.02272 -0.00000 -14.04 1.50
1.00000 -0.11952 0.02272 -0.00000 -13.92 1.50
1.00000 -0.11900 0.02272 -0.00000 -13.80 1.50
1.00000 -0.11846 0.02272 -0.00000 -13.68 1.50
1.00000 -0.11792 0.02272 -0.00000 -13.56 1.50
1.00000 -0.11737 0.02271 -0.00000 -13.44 1.50
1.00000 -0.11680 0.02271 -0.00000 -13.32 1.50
1.00000 -0.11623 0.02271 -0.00000 -13.20 1.50
1.00000 -0.11565 0.02271 -0.00000 -13.08 1.50
1.00000 -0.11505 0.02270 -0.00000 -12.96 1.50
1.00000 -0.11444 0.02270 -0.00000 -12.84 1.50
1.00000 -0.11383 0.02270 -0.00000 -12.72 1.50
1.00000 -0.11320 0.02270 -0.00000 -12.60 1.50
1.00000 -0.11256 0.02269 -0.00000 -12.48 1.50
1.00000 -0.11190 0.02269 -0.00000 -12.36 1.50
1.00000 -0.11124 0.02269 -0.00000 -12.24 1.50
1.00000 -0.11056 0.02269 -0.00000 -12.12 1.50
1.00000 -0.10987 0.02268 -0.00000 -12.00 1.50
1.00000 -0.10916 0.02268 -0.00000 -11.88 1.50
1.00000 -0.10844 0.02268 -0.00000 -11.76 1.50
1.00000 -0.10771 0.02267 -0.00000 -11.64 1.50
1.00000 -0.10696 0.02267 -0.00000 -11.52 1.50
1.00000 -0.10619 0.02267 -0.00000 -11.40 1.50
1.00000 -0.10541 0.02266 -0.00000 -11.28 1.50
1.00000 -0.10461 0.02266 -0.00000 -11.16 1.50
1.00000 -0.10380 0.02265 -0.00000 -11.04 1.50
1.00000 -0.10296 0.02265 -0.00000 -10.92 1.50
1.00000 -0.10211 0.02265 -0.00000 -10.80 1.50
1.00000 -0.10124 0.02264 -0.00000 -10.68 1.50
1.00000 -0.10035 0.02264 -0.00000 -10.56 1.50
1.00000 -0.09944 0.02263 -0.00000 -10.44 1.50
1.00000 -0.09851 0.02263 -0.00000 -10.32 1.50
1.00000 -0.09756 0.02262 -0.00000 -10.20 1.50
1.00000 -0.09658 0.02262 -0.00000 -10.08 1.50
1.00000 -0.09559 0.02261 -0.00000 -9.96 1.50
1.00000 -0.09457 0.02261 -0.00000 -9.84 1.50
1.00000 -0.09352 0.02260 -0.00000 -9.72 1.50
1.00000 -0.09245 0.02259 -0.00000 -9.60 1.50
1.00000 -0.09135 0.02259 -0.00000 -9.48 1.50
1.00000 -0.09022 0.02258 -0.00000 -9.36 1.50
1.00000 -0.08907 0.02258 -0.00000 -9.24 1.50
1.00000 -0.08789 0.02257 -0.00000 -9.12 1.50
1.00000 -0.08667 0.02256 -0.00000 -9.00 1.50
1.00000 -0.08542 0.02255 -0.00000 -8.88 1.50
1.00000 -0.08414 0.02255 -0.00000 -8.76 1.50
1.00000 -0.08283 0.02254 -0.00000 -8.64 1.50
1.00000 -0.08148 0.02253 -0.00000 -8.52 1.50
1.00000 -0.08009 0.02252 -0.00000 -8.40 1.50
1.00000 -0.07866 0.02251 -0.00000 -8.28 1.50
1.00000 -0.07719 0.02250 -0.00000 -8.16 1.50
1.00000 -0.07568 0.02249 -0.00000 -8.04 1.50
1.00000 -0.07413 0.02248 -0.00000 -7.92 1.50
1.00000 -0.07253 0.02247 -0.00000 -7.80 1.50
1.00000 -0.07088 0.02246 -0.00000 -7.68 1.50
1.00000 -0.06918 0.02245 -0.00000 -7.56 1.50
1.00000 -0.06743 0.02243 -0.00000 -7.44 1.50
1.00000 -0.06562 0.02242 -0.00000 -7.32 1.50
1.00000 -0.06375 0.02241 -0.00000 -7.20 1.50
1.00000 -0.06183 0.02239 -0.00000 -7.08 1.50
1.00000 -0.05984 0.02238 -0.00000 -6.96 1.50
1.00000 -0.05778 0.02236 -0.00000 -6.84 1.50
1.00000 -0.05565 0.02234 -0.00000 -6.72 1.50
1.00000 -0.05345 0.02233 -0.00000 -6.60 1.50
1.00000 -0.05117 0.02231 -0.00000 -6.48 1.50
1.00000 -0.04882 0.02229 -0.00000 -6.36 1.50
1.00000 -0.04637 0.02227 -0.00000 -6.24 1.50
1.00000 -0.04384 0.02225 -0.00000 -6.12 1.50
1.00000 -0.04121 0.02222 -0.00000 -6.00 1.50
1.00000 -0.03848 0.02220 -0.00000 -5.88 1.50
1.00000 -0.03564 0.02217 -0.00000 -5.76 1.50
1.00000 -0.03269 0.02214 -0.00000 -5.64 1.50
1.00000 -0.02962 0.02211 -0.00000 -5.52 1.50
1.00000 -0.02643 0.02208 -0.00000 -5.40 1.50
1.00000 -0.02310 0.02205 -0.00000 -5.28 1.50
1.00000 -0.01964 0.02201 -0.00000 -5.16 1.50
1.00000 -0.01602 0.02197 -0.00000 -5.04 1.50
1.00000 -0.01224 0.02193 -0.00000 -4.92 1.50
1.00000 -0.00829 0.02189 -0.00000 -4.80 1.50
1.00000 -0.00416 0.02184 -0.00000 -4.68 1.50
1.00000 0.00016 0.02179 -0.00000 -4.56 1.50
1.00000 0.00469 0.02174 -0.00000 -4.44 1.50
1.00000 0.00944 0.02168 -0.00000 -4.32 1.50
1.00000 0.01443 0.02161 -0.00000 -4.20 1.50
1.00000 0.01966 0.02155 -0.00000 -4.08 1.50
1.00000 0.02517 0.02147 -0.00000 -3.96 1.50
1.00000 0.03097 0.02139 -0.00000 -3.84 1.50
1.00000 0.03707 0.02130 -0.00000 -3.72 1.50
1.00000 0.04351 0.02120 -0.00000 -3.60 1.50
1.00000 0.05031 0.02110 -0.00000 -3.48 1.50
1.00000 0.05749 0.02098 -0.00000 -3.36 1.50
1.00000 0.06509 0.02085 -0.00000 -3.24 1.50
1.00000 0.07312 0.02071 -0.00000 -3.12 1.50
1.00000 0.08164 0.02056 -0.00000 -3.00 1.50
1.00000 0.09065 0.02038 -0.00000 -2.88 1.50
1.00000 0.10021 0.02019 -0.00000 -2.76 1.50
1.00000 0.11035 0.01997 -0.00000 -2.64 1.50
1.00000 0.12110 0.01973 -0.00000 -2.52 1.50
1.00000 0.13248 0.01946 -0.00000 -2.40 1.50
1.00000 0.14453 0.01915 -0.00000 -2.28 1.50
1.00000 0.15726 0.01881 -0.00000 -2.16 1.50
1.00000 0.17066 0.01841 -0.00000 -2.04 1.50
1.00000 0.18471 0.01797 -0.00000 -1.92 1.50
1.00000 0.19933 0.01745 -0.00000 -1.80 1.50
1.00000 0.21440 0.01686 -0.00000 -1.68 1.50
1.00000 0.22970 0.01619 -0.00000 -1.56 1.50
1.00000 0.24488 0.01541 -0.00000 -1.44 1.50
1.00000 0.25944 0.01451 -0.00000 -1.32 1.50
1.00000 0.27258 0.01348 -0.00000 -1.20 1.50
1.00000 0.28319 0.01230 -0.00000 -1.08 1.50
1.00000 0.28973 0.01095 -0.00000 -0.96 1.50
1.00000 0.29011 0.00945 -0.00000 -0.84 1.50
1.00000 0.28166 0.00780 -0.00000 -0.72 1.50
1.00000 0.26129 0.00605 -0.00000 -0.60 1.50
1.00000 0.22582 0.00428 -0.00000 -0.48 1.50
1.00000 0.17277 0.00262 -0.00000 -0.36 1.50
1.00000 0.10144 0.00124 -0.00000 -0.24 1.50
1.00000 0.01401 0.00032 -0.00000 -0.12 1.50
1.00000 -0.08404 0.00000 -0.00000 0.00 1.50
1.00000 -0.18481 0.00032 -0.00000 0.12 1.50
1.00000 -0.27997 0.00124 -0.00000 0.24 1.50
1.00000 -0.36288 0.00262 -0.00000 0.36 1.50
1.00000 -0.42986 0.00428 -0.00000 0.48 1.50
1.00000 -0.48021 0.00605 -0.00000 0.60 1.50
1.00000 -0.51531 0.00780 -0.00000 0.72 1.50
1.00000 -0.53764 0.00945 -0.00000 0.84 1.50
1.00000 -0.54993 0.01095 -0.00000 0.96 1.50
1.00000 -0.55469 0.01230 -0.00000 1.08 1.50
1.00000 -0.55401 0.01348 -0.00000 1.20 1.50
1.00000 -0.54955 0.01451 -0.00000 1.32 1.50
1.00000 -0.54255 0.01541 -0.00000 1.44 1.50
1.00000 -0.53391 0.01619 -0.00000 1.56 1.50
1.00000 -0.52430 0.01686 -0.00000 1.68 1.50
1.00000 -0.51418 0.01745 -0.00000 1.80 1.50
1.00000 -0.50388 0.01797 -0.00000 1.92 1.50
1.00000 -0.49360 0.01841 -0.00000 2.04 1.50
1.00000 -0.48351 0.01881 -0.00000 2.16 1.50
1.00000 -0.47370 0.01915 -0.00000 2.28 1.50
1.00000 -0.46422 0.01946 -0.00000 2.40 1.50
1.00000 -0.45512 0.01973 -0.00000 2.52 1.50
1.00000 -0.44640 0.01997 -0.00000 2.64 1.50
1.00000 -0.43808 0.02019 -0.00000 2.76 1.50
1.00000 -0.43014 0.02038 -0.00000 2.88 1.50
1.00000 -0.42258 0.02056 -0.00000 3.00 1.50
1.00000 -0.41539 0.02071 -0.00000 3.12 1.50
1.00000 -0.40854 0.02085 -0.00000 3.24 1.50
1.00000 -0.40202 0.02098 -0.00000 3.36 1.50
1.00000 -0.39582 0.02110 -0.00000 3.48 1.50
1.00000 -0.38991 0.02120 -0.00000 3.60 1.50
1.00000 -0.38429 0.02130 -0.00000 3.72 1.50
1.00000 -0.37892 0.02139 -0.00000 3.84 1.50
1.00000 -0.37381 0.02147 -0.00000 3.96 1.50
1.00000 -0.36893 0.02155 -0.00000 4.08 1.50
1.00000 -0.36428 0.02161 -0.00000 4.20 1.50
1.00000 -0.35983 0.02168 -0.00000 4.32 1.50
1.00000 -0.35557 0.02174 -0.00000 4.44 1.50
1.00000 -0.35151 0.02179 -0.00000 4.56 1.50
1.00000 -0.34761 0.02184 -0.00000 4.68 1.50
1.00000 -0.34388 0.02189 -0.00000 4.80 1.50
1.00000 -0.34030 0.02193 -0.00000 4.92 1.50
1.00000 -0.33686 0.02197 -0.00000 5.04 1.50
1.00000 -0.33357 0.02201 -0.00000 5.16 1.50
1.00000 -0.33040 0.02205 -0.00000 5.28 1.50
1.00000 -0.32736 0.02208 -0.00000 5.40 1.50
1.00000 -0.32443 0.02211 -0.00000 5.52 1.50
1.00000 -0.32161 0.02214 -0.00000 5.64 1.50
1.00000 -0.31890 0.02217 -0.00000 5.76 1.50
1.00000 -0.31628 0.02220 -0.00000 5.88 1.50
1.00000 -0.31376 0.02222 -0.00000 6.00 1.50
1.00000 -0.31132 0.02225 -0.00000 6.12 1.50
1.00000 -0.30897 0.02227 -0.00000 6.24 1.50
1.00000 -0.30671 0.02229 -0.00000 6.36 1.50
1.00000 -0.30451 0.02231 -0.00000 6.48 1.50
1.00000 -0.30239 0.02233 -0.00000 6.60 1.50
1.00000 -0.30034 0.02234 -0.00000 6.72 1.50
1.00000 -0.29836 0.02236 -0.00000 6.84 1.50
1.00000 -0.29644 0.02238 -0.00000 6.96 1.50
1.00000 -0.29457 0.02239 -0.00000 7.08 1.50
1.00000 -0.29277 0.02241 -0.00000 7.20 1.50
1.00000 -0.29102 0.02242 -0.00000 7.32 1.50
1.00000 -0.28932 0.02243 -0.00000 7.44 1.50
1.00000 -0.28767 0.02245 -0.00000 7.56 1.50
1.00000 -0.28607 0.02246 -0.00000 7.68 1.50
1.00000 -0.28452 0.02247 -0.00000 7.80 1.50
1.00000 -0.28301 0.02248 -0.00000 7.92 1.50
1.00000 -0.28155 0.02249 -0.00000 8.04 1.50
1.00000 -0.28012 0.02250 -0.00000 8.16 1.50
1.00000 -0.27873 0.02251 -0.00000 8.28 1.50
1.00000 -0.27738 0.02252 -0.00000 8.40 1.50
1.00000 -0.27607 0.02253 -0.00000 8.52 1.50
1.00000 -0.27479 0.02254 -0.00000 8.64 1.50
1.00000 -0.27354 0.02255 -0.00000 8.76 1.50
1.00000 -0.27233 0.02255 -0.00000 8.88 1.50
1.00000 -0.27114 0.02256 -0.00000 9.00 1.50
1.00000 -0.26999 0.02257 -0.00000 9.12 1.50
1.00000 -0.26886 0.02258 -0.00000 9.24 1.50
1.00000 -0.26776 0.02258 -0.00000 9.36 1.50
1.00000 -0.26669 0.02259 -0.00000 9.48 1.50
1.00000 -0.26565 0.02259 -0.00000 9.60 1.50
1.00000 -0.26462 0.02260 -0.00000 9.72 1.50
1.00000 -0.26363 0.02261 -0.00000 9.84 1.50
1.00000 -0.26265 0.02261 -0.00000 9.96 1.50
1.00000 -0.26170 0.02262 -0.00000 10.08 1.50
1.00000 -0.26077 0.02262 -0.00000 10.20 1.50
1.00000 -0.25986 0.02263 -0.00000 10.32 1.50
1.00000 -0.25897 0.02263 -0.00000 10.44 1.50
1.00000 -0.25810 0.02264 -0.00000 10.56 1.50
1.00000 -0.25725 0.02264 -0.00000 10.68 1.50
1.00000 -0.25641 0.02265 -0.00000 10.80 1.50
1.00000 -0.25560 0.02265 -0.00000 10.92 1.50
1.00000 -0.25480 0.02265 -0.00000 11.04 1.50
1.00000 -0.25401 0.02266 -0.00000 11.16 1.50
1.00000 -0.25325 0.02266 -0.00000 11.28 1.50
1.00000 -0.25250 0.02267 -0.00000 11.40 1.50
1.00000 -0.25176 0.02267 -0.00000 11.52 1.50
1.00000 -0.25104 0.02267 -0.00000 11.64 1.50
1.00000 -0.25033 0.02268 -0.00000 11.76 1.50
1.00000 -0.24964 0.02268 -0.00000 11.88 1.50
1.00000 -0.24896 0.02268 -0.00000 12.00 1.50
1.00000 -0.24830 0.02269 -0.00000 12.12 1.50
1.00000 -0.24764 0.02269 -0.00000 12.24 1.50
1.00000 -0.24700 0.02269 -0.00000 12.36 1.50
1.00000 -0.24637 0.02269 -0.00000 12.48 1.50
1.00000 -0.24575 0.02270 -0.00000 12.60 1.50
1.00000 -0.24515 0.02270 -0.00000 12.72 1.50
1.00000 -0.24455 0.02270 -0.00000 12.84 1.50
1.00000 -0.24397 0.02270 -0.00000 12.96 1.50
1.00000 -0.24339 0.02271 -0.00000 13.08 1.50
1.00000 -0.24283 0.02271 -0.00000 13.20 1.50
1.00000 -0.24228 0.02271 -0.00000 13.32 1.50
1.00000 -0.24173 0.02271 -0.00000 13.44 1.50
1.00000 -0.24120 0.02272 -0.00000 13.56 1.50
1.00000 -0.24067 0.02272 -0.00000 13.68 1.50
1.00000 -0.24015 0.02272 -0.00000 13.80 1.50
1.00000 -0.23965 0.02272 -0.00000 13.92 1.50
1.00000 -0.23915 0.02272 -0.00000 14.04 1.50
1.00000 -0.23865 0.02273 -0.00000 14.16 1.50
1.00000 -0.23817 0.02273 -0.00000 14.28 1.50
1.00000 -0.23770 0.02273 -0.00000 14.40 1.50
1.00000 -0.23723 0.02273 -0.00000 14.52 1.50
1.00000 -0.23677 0.02273 -0.00000 14.64 1.50
1.00000 -0.23631 0.02274 -0.00000 14.76 1.50
1.00000 -0.23587 0.02274 -0.00000 14.88 1.50
1.00000 -0.23543 0.02274 -0.00000 15.00 1.50
1.00000 -0.23500 0.02274 -0.00000 15.12 1.50
1.00000 -0.23457 0.02274 -0.00000 15.24 1.50
1.00000 -0.23415 0.02274 -0.00000 15.36 1.50
1.00000 -0.23374 0.02274 -0.00000 15.48 1.50
1.00000 -0.23333 0.02275 -0.00000 15.60 1.50
1.00000 -0.23293 0.02275 -0.00000 15.72 1.50
1.00000 -0.23254 0.02275 -0.00000 15.84 1.50
1.00000 -0.23215 0.02275 -0.00000 15.96 1.50
1.00000 -0.23177 0.02275 -0.00000 16.08 1.50
1.00000 -0.23139 0.02275 -0.00000 16.20 1.50
1.00000 -0.23102 0.02275 -0.00000 16.32 1.50
1.00000 -0.23065 0.02276 -0.00000 16.44 1.50
1.00000 -0.23029 0.02276 -0.00000 16.56 1.50
1.00000 -0.22993 0.02276 -0.00000 16.68 1.50
1.00000 -0.22958 0.02276 -0.00000 16.80 1.50
1.00000 -0.22924 0.02276 -0.00000 16.92 1.50
1.00000 -0.22890 0.02276 -0.00000 17.04 1.50
1.00000 -0.22856 0.02276 -0.00000 17.16 1.50
1.00000 -0.22823 0.02276 -0.00000 17.28 1.50
1.00000 -0.22790 0.02276 -0.00000 17.40 1.50
1.00000 -0.22758 0.02277 -0.00000 17.52 1.50
1.00000 -0.22726 0.02277 -0.00000 17.64 1.50
1.00000 -0.22694 0.02277 -0.00000 17.76 1.50
1.00000 -0.22663 0.02277 -0.00000 17.88 1.50
1.00000 -0.22633 0.02277 -0.00000 18.00 1.50
1.00000 -0.22602 0.02277 -0.00000 18.12 1.50
1.00000 -0.22572 0.02277 -0.00000 18.24 1.50
1.00000 -0.22543 0.02277 -0.00000 18.36 1.50
1.00000 -0.22514 0.02277 -0.00000 18.48 1.50
1.00000 -0.22485 0.02277 -0.00000 18.60 1.50
1.00000 -0.22457 0.02277 -0.00000 18.72 1.50
1.00000 -0.22429 0.02278 -0.00000 18.84 1.50
1.00000 -0.22401 0.02278 -0.00000 18.96 1.50
1.00000 -0.22374 0.02278 -0.00000 19.08 1.50
1.00000 -0.22347 0.02278 -0.00000 19.20 1.50
1.00000 -0.22320 0.02278 -0.00000 19.32 1.50
1.00000 -0.22294 0.02278 -0.00000 19.44 1.50
1.00000 -0.22268 0.02278 -0.00000 19.56 1.50
1.00000 -0.22242 0.02278 -0.00000 19.68 1.50
1.00000 -0.22217 0.02278 -0.00000 19.80 1.50
1.00000 -0.22192 0.02278 -0.00000 19.92 1.50
1.00000 -0.22167 0.02278 -0.00000 20.04 1.50
1.00000 -0.22142 0.02278 -0.00000 20.16 1.50
1.00000 -0.22118 0.02278 -0.00000 20.28 1.50
1.00000 -0.22094 0.02278 -0.00000 20.40 1.50
1.00000 -0.22071 0.02279 -0.00000 20.52 1.50
1.00000 -0.22047 0.02279 -0.00000 20.64 1.50
1.00000 -0.22024 0.02279 -0.00000 20.76 1.50
1.00000 -0.22001 0.02279 -0.00000 20.88 1.50
1.00000 -0.21979 0.02279 -0.00000 21.00 1.50
1.00000 -0.21956 0.02279 -0.00000 21.12 1.50
1.00000 -0.21934 0.02279 -0.00000 21.24 1.50
1.00000 -0.21912 0.02279 -0.00000 21.36 1.50
1.00000 -0.21891 0.02279 -0.00000 21.48 1.50
1.00000 -0.21869 0.02279 -0.00000 21.60 1.50
1.00000 -0.21848 0.02279 -0.00000 21.72 1.50
1.00000 -0.21827 0.02279 -0.00000 21.84 1.50
1.00000 -0.21807 0.02279 -0.00000 21.96 1.50
1.00000 -0.21786 0.02279 -0.00000 22.08 1.50
1.00000 -0.21766 0.02279 -0.00000 22.20 1.50
1.00000 -0.21746 0.02279 -0.00000 22.32 1.50
1.00000 -0.21726 0.02279 -0.00000 22.44 1.50
1.00000 -0.21707 0.02279 -0.00000 22.56 1.50
1.00000 -0.21687 0.02280 -0.00000 22.68 1.50
1.00000 -0.21668 0.02280 -0.00000 22.80 1.50
1.00000 -0.21649 0.02280 -0.00000 22.92 1.50
1.00000 -0.21630 0.02280 -0.00000 23.04 1.50
1.00000 -0.21612 0.02280 -0.00000 23.16 1.50
1.00000 -0.21593 0.02280 -0.00000 23.28 1.50
1.00000 -0.21575 0.02280 -0.00000 23.40 1.50
1.00000 -0.21557 0.02280 -0.00000 23.52 1.50
1.00000 -0.21539 0.02280 -0.00000 23.64 1.50
1.00000 -0.21521 0.02280 -0.00000 23.76 1.50
1.00000 -0.21504 0.02280 -0.00000 23.88 1.50
1.00000 -0.21487 0.02280 -0.00000 24.00 1.50
1.00000 -0.21469 0.02280 -0.00000 24.12 1.50
1.00000 -0.21452 0.02280 -0.00000 24.24 1.50
1.00000 -0.21436 0.02280 -0.00000 24.36 1.50
1.00000 -0.21419 0.02280 -0.00000 24.48 1.50
1.00000 -0.21402 0.02280 -0.00000 24.60 1.50
1.00000 -0.21386 0.02280 -0.00000 24.72 1.50
1.00000 -0.21370 0.02280 -0.00000 24.84 1.50
1.00000 -0.21354 0.02280 -0.00000 24.96 1.50
1.00000 -0.21338 0.02280 -0.00000 25.08 1.50
1.00000 -0.21322 0.02280 -0.00000 25.20 1.50
1.00000 -0.21307 0.02280 -0.00000 25.32 1.50
1.00000 -0.21291 0.02280 -0.00000 25.44 1.50
1.00000 -0.21276 0.02280 -0.00000 25.56 1.50
1.00000 -0.21261 0.02281 -0.00000 25.68 1.50
1.00000 -0.21246 0.02281 -0.00000 25.80 1.50
1.00000 -0.21231 0.02281 -0.00000 25.92 1.50
1.00000 -0.21216 0.02281 -0.00000 26.04 1.50
1.00000 -0.21201 0.02281 -0.00000 26.16 1.50
1.00000 -0.21187 0.02281 -0.00000 26.28 1.50
1.00000 -0.21173 0.02281 -0.00000 26.40 1.50
1.00000 -0.21158 0.02281 -0.00000 26.52 1.50
1.00000 -0.21144 0.02281 -0.00000 26.64 1.50
1.00000 -0.21130 0.02281 -0.00000 26.76 1.50
1.00000 -0.21117 0.02281 -0.00000 26.88 1.50
1.00000 -0.21103 0.02281 -0.00000 27.00 1.50
1.00000 -0.21089 0.02281 -0.00000 27.12 1.50
1.00000 -0.21076 0.02281 -0.00000 27.24 1.50
1.00000 -0.21062 0.02281 -0.00000 27.36 1.50
1.00000 -0.21049 0.02281 -0.00000 27.48 1.50
1.00000 -0.21036 0.02281 -0.00000 27.60 1.50
1.00000 -0.21023 0.02281 -0.00000 27.72 1.50
1.00000 -0.21010 0.02281 -0.00000 27.84 1.50
1.00000 -0.20997 0.02281 -0.00000 27.96 1.50
1.00000 -0.20985 0.02281 -0.00000 28.08 1.50
1.00000 -0.20972 0.02281 -0.00000 28.20 1.50
1.00000 -0.20960 0.02281 -0.00000 28.32 1.50
1.00000 -0.20947 0.02281 -0.00000 28.44 1.50
1.00000 -0.20935 0.02281 -0.00000 28.56 1.50
1.00000 -0.20923 0.02281 -0.00000 28.68 1.50
1.00000 -0.20911 0.02281 -0.00000 28.80 1.50
1.00000 -0.20899 0.02281 -0.00000 28.92 1.50
1.00000 -0.20887 0.02281 -0.00000 29.04 1.50
1.00000 -0.20875 0.02281 -0.00000 29.16 1.50
1.00000 -0.20863 0.02281 -0.00000 29.28 1.50
1.00000 -0.20852 0.02281 -0.00000 29.40 1.50
1.00000 -0.20840 0.02281 -0.00000 29.52 1.50
1.00000 -0.20829 0.02281 -0.00000 29.64 1.50
1.00000 -0.20818 0.02281 -0.00000 29.76 1.50
1.00000 -0.20806 0.02281 -0.00000 29.88 1.50
1.00000 -0.20795 0.02281 -0.00000 30.00 1.50
1.00000 -0.20784 0.02281 -0.00000 30.12 1.50
1.00000 -0.20773 0.02281 -0.00000 30.24 1.50
1.00000 -0.20762 0.02281 -0.00000 30.36 1.50
1.00000 -0.20752 0.02282 -0.00000 30.48 1.50
1.00000 -0.20741 0.02282 -0.00000 30.60 1.50
1.00000 -0.20730 0.02282 -0.00000 30.72 1.50
1.00000 -0.20720 0.02282 -0.00000 30.84 1.50
1.00000 -0.20709 0.02282 -0.00000 30.96 1.50
1.00000 -0.20699 0.02282 -0.00000 31.08 1.50
1.00000 -0.20689 0.02282 -0.00000 31.20 1.50
1.00000 -0.20678 0.02282 -0.00000 31.32 1.50
1.00000 -0.20668 0.02282 -0.00000 31.44 1.50
1.00000 -0.20658 0.02282 -0.00000 31.56 1.50
1.00000 -0.20648 0.02282 -0.00000 31.68 1.50
1.00000 -0.20638 0.02282 -0.00000 31.80 1.50
1.00000 -0.20629 0.02282 -0.00000 31.92 1.50
1.00000 -0.20619 0.02282 -0.00000 32.04 1.50
1.00000 -0.20609 0.02282 -0.00000 32.16 1.50
1.00000 -0.20599 0.02282 -0.00000 32.28 1.50
1.00000 -0.20590 0.02282 -0.00000 32.40 1.50
1.00000 -0.20580 0.02282 -0.00000 32.52 1.50
1.00000 -0.20571 0.02282 -0.00000 32.64 1.50
1.00000 -0.20562 0.02282 -0.00000 32.76 1.50
1.00000 -0.20552 0.02282 -0.00000 32.88 1.50
1.00000 -0.20543 0.02282 -0.00000 33.00 1.50
1.00000 -0.20534 0.02282 -0.00000 33.12 1.50
1.00000 -0.20525 0.02282 -0.00000 33.24 1.50
1.00000 -0.20516 0.02282 -0.00000 33.36 1.50
1.00000 -0.20507 0.02282 -0.00000 33.48 1.50
1.00000 -0.20498 0.02282 -0.00000 33.60 1.50
1.00000 -0.20489 0.02282 -0.00000 33.72 1.50
1.00000 -0.20481 0.02282 -0.00000 33.84 1.50
1.00000 -0.20472 0.02282 -0.00000 33.96 1.50
1.00000 -0.20463 0.02282 -0.00000 34.08 1.50
1.00000 -0.20455 0.02282 -0.00000 34.20 1.50
1.00000 -0.20446 0.02282 -0.00000 34.32 1.50
1.00000 -0.20438 0.02282 -0.00000 34.44 1.50
1.00000 -0.20429 0.02282 -0.00000 34.56 1.50
1.00000 -0.20421 0.02282 -0.00000 34.68 1.50
1.00000 -0.20413 0.02282 -0.00000 34.80 1.50
1.00000 -0.20404 0.02282 -0.00000 34.92 1.50
1.00000 -0.20396 0.02282 -0.00000 35.04 1.50
1.00000 -0.20388 0.02282 -0.00000 35.16 1.50
1.00000 -0.20380 0.02282 -0.00000 35.28 1.50
1.00000 -0.20372 0.02282 -0.00000 35.40 1.50
1.00000 -0.20364 0.02282 -0.00000 35.52 1.50
1.00000 -0.20356 0.02282 -0.00000 35.64 1.50
1.00000 -0.20348 0.02282 -0.00000 35.76 1.50
1.00000 -0.20341 0.02282 -0.00000 35.88 1.50
1.00000 -0.20333 0.02282 -0.00000 36.00 1.50
1.00000 -0.20325 0.02282 -0.00000 36.12 1.50
1.00000 -0.20318 0.02282 -0.00000 36.24 1.50
1.00000 -0.20310 0.02282 -0.00000 36.36 1.50
1.00000 -0.20302 0.02282 -0.00000 36.48 1.50
1.00000 -0.20295 0.02282 -0.00000 36.60 1.50
1.00000 -0.20288 0.02282 -0.00000 36.72 1.50
1.00000 -0.20280 0.02282 -0.00000 36.84 1.50
1.00000 -0.20273 0.02282 -0.00000 36.96 1.50
1.00000 -0.20266 0.02282 -0.00000 37.08 1.50
1.00000 -0.20258 0.02282 -0.00000 37.20 1.50
1.00000 -0.20251 0.02282 -0.00000 37.32 1.50
1.00000 -0.20244 0.02282 -0.00000 37.44 1.50
1.00000 -0.20237 0.02282 -0.00000 37.56 1.50
1.00000 -0.20230 0.02282 -0.00000 37.68 1.50
1.00000 -0.20223 0.02282 -0.00000 37.80 1.50
1.00000 -0.20216 0.02282 -0.00000 37.92 1.50
1.00000 -0.20209 0.02282 -0.00000 38.04 1.50
1.00000 -0.20202 0.02282 -0.00000 38.16 1.50
1.00000 -0.20195 0.02282 -0.00000 38.28 1.50
1.00000 -0.20188 0.02282 -0.00000 38.40 1.50
1.00000 -0.20181 0.02282 -0.00000 38.52 1.50
1.00000 -0.20175 0.02282 -0.00000 38.64 1.50
1.00000 -0.20168 0.02282 -0.00000 38.76 1.50
1.00000 -0.20161 0.02282 -0.00000 38.88 1.50
1.00000 -0.20155 0.02282 -0.00000 39.00 1.50
1.00000 -0.20148 0.02282 -0.00000 39.12 1.50
1.00000 -0.20142 0.02282 -0.00000 39.24 1.50
1.00000 -0.20135 0.02282 -0.00000 39.36 1.50
1.00000 -0.20129 0.02283 -0.00000 39.48 1.50
1.00000 -0.20122 0.02283 -0.00000 39.60 1.50
1.00000 -0.20116 0.02283 -0.00000 39.72 1.50
1.00000 -0.20110 0.02283 -0.00000 39.84 1.50
1.00000 -0.20103 0.02283 -0.00000 39.96 1.50
1.00000 -0.20097 0.02283 -0.00000 40.08 1.50
1.00000 -0.20091 0.02283 -0.00000 40.20 1.50
1.00000 -0.20085 0.02283 -0.00000 40.32 1.50
1.00000 -0.20079 0.02283 -0.00000 40.44 1.50
1.00000 -0.20073 0.02283 -0.00000 40.56 1.50
1.00000 -0.20067 0.02283 -0.00000 40.68 1.50
1.00000 -0.20060 0.02283 -0.00000 40.80 1.50
1.00000 -0.20055 0.02283 -0.00000 40.92 1.50
1.00000 -0.20049 0.02283 -0.00000 41.04 1.50
1.00000 -0.20043 0.02283 -0.00000 41.16 1.50
1.00000 -0.20037 0.02283 -0.00000 41.28 1.50
1.00000 -0.20031 0.02283 -0.00000 41.40 1.50
1.00000 -0.20025 0.02283 -0.00000 41.52 1.50
1.00000 -0.20019 0.02283 -0.00000 41.64 1.50
1.00000 -0.20013 0.02283 -0.00000 41.76 1.50
1.00000 -0.20008 0.02283 -0.00000 41.88 1.50
1.00000 -0.20002 0.02283 -0.00000 42.00 1.50
1.00000 -0.19996 0.02283 -0.00000 42.12 1.50
1.00000 -0.19991 0.02283 -0.00000 42.24 1.50
1.00000 -0.19985 0.02283 -0.00000 42.36 1.50
1.00000 -0.19980 0.02283 -0.00000 42.48 1.50
1.00000 -0.19974 0.02283 -0.00000 42.60 1.50
1.00000 -0.19969 0.02283 -0.00000 42.72 1.50
1.00000 -0.19963 0.02283 -0.00000 42.84 1.50
1.00000 -0.19958 0.02283 -0.00000 42.96 1.50
1.00000 -0.19952 0.02283 -0.00000 43.08 1.50
1.00000 -0.19947 0.02283 -0.00000 43.20 1.50
1.00000 -0.19942 0.02283 -0.00000 43.32 1.50
1.00000 -0.19936 0.02283 -0.00000 43.44 1.50
1.00000 -0.19931 0.02283 -0.00000 43.56 1.50
1.00000 -0.19926 0.02283 -0.00000 43.68 1.50
1.00000 -0.19920 0.02283 -0.00000 43.80 1.50
1.00000 -0.19915 0.02283 -0.00000 43.92 1.50
1.00000 -0.19910 0.02283 -0.00000 44.04 1.50
1.00000 -0.19905 0.02283 -0.00000 44.16 1.50
1.00000 -0.19900 0.02283 -0.00000 44.28 1.50
1.00000 -0.19895 0.02283 -0.00000 44.40 1.50
1.00000 -0.19890 0.02283 -0.00000 44.52 1.50
1.00000 -0.19885 0.02283 -0.00000 44.64 1.50
1.00000 -0.19880 0.02283 -0.00000 44.76 1.50
1.00000 -0.19875 0.02283 -0.00000 44.88 1.50
1.00000 -0.19870 0.02283 -0.00000 45.00 1.50
1.00000 -0.19865 0.02283 -0.00000 45.12 1.50
1.00000 -0.19860 0.02283 -0.00000 45.24 1.50
1.00000 -0.19855 0.02283 -0.00000 45.36 1.50
1.00000 -0.19850 0.02283 -0.00000 45.48 1.50
1.00000 -0.19845 0.02283 -0.00000 45.60 1.50
1.00000 -0.19840 0.02283 -0.00000 45.72 1.50
1.00000 -0.19836 0.02283 -0.00000 45.84 1.50
1.00000 -0.19831 0.02283 -0.00000 45.96 1.50
1.00000 -0.19826 0.02283 -0.00000 46.08 1.50
1.00000 -0.19821 0.02283 -0.00000 46.20 1.50
1.00000 -0.19817 0.02283 -0.00000 46.32 1.50
1.00000 -0.19812 0.02283 -0.00000 46.44 1.50
1.00000 -0.19807 0.02283 -0.00000 46.56 1.50
1.00000 -0.19803 0.02283 -0.00000 46.68 1.50
1.00000 -0.19798 0.02283 -0.00000 46.80 1.50
1.00000 -0.19794 0.02283 -0.00000 46.92 1.50
1.00000 -0.19789 0.02283 -0.00000 47.04 1.50
1.00000 -0.19785 0.02283 -0.00000 47.16 1.50
1.00000 -0.19780 0.02283 -0.00000 47.28 1.50
1.00000 -0.19776 0.02283 -0.00000 47.40 1.50
1.00000 -0.19771 0.02283 -0.00000 47.52 1.50
1.00000 -0.19767 0.02283 -0.00000 47.64 1.50
1.00000 -0.19762 0.02283 -0.00000 47.76 1.50
1.00000 -0.19758 0.02283 -0.00000 47.88 1.50
1.00000 -0.19754 0.02283 -0.00000 48.00 1.50
1.00000 -0.19749 0.02283 -0.00000 48.12 1.50
1.00000 -0.19745 0.02283 -0.00000 48.24 1.50
1.00000 -0.19741 0.02283 -0.00000 48.36 1.50
1.00000 -0.19736 0.02283 -0.00000 48.48 1.50
1.00000 -0.19732 0.02283 -0.00000 48.60 1.50
1.00000 -0.19728 0.02283 -0.00000 48.72 1.50
1.00000 -0.19724 0.02283 -0.00000 48.84 1.50
1.00000 -0.19719 0.02283 -0.00000 48.96 1.50
1.00000 -0.19715 0.02283 -0.00000 49.08 1.50
1.00000 -0.19711 0.02283 -0.00000 49.20 1.50
1.00000 -0.19707 0.02283 -0.00000 49.32 1.50
1.00000 -0.19703 0.02283 -0.00000 49.44 1.50
1.00000 -0.19699 0.02283 -0.00000 49.56 1.50
1.00000 -0.19695 0.02283 -0.00000 49.68 1.50
1.00000 -0.19691 0.02283 -0.00000 49.80 1.50
1.00000 -0.19687 0.02283 -0.00000 49.92 1.50
1.00000 -0.19683 0.02283 -0.00000 50.04 1.50
1.00000 -0.19679 0.02283 -0.00000 50.16 1.50
1.00000 -0.19675 0.02283 -0.00000 50.28 1.50
1.00000 -0.19671 0.02283 -0.00000 50.40 1.50
1.00000 -0.19667 0.02283 -0.00000 50.52 1.50
1.00000 -0.19663 0.02283 -0.00000 50.64 1.50
1.00000 -0.19659 0.02283 -0.00000 50.76 1.50
1.00000 -0.19655 0.02283 -0.00000 50.88 1.50
1.00000 -0.19651 0.02283 -0.00000 51.00 1.50
1.00000 -0.19647 0.02283 -0.00000 51.12 1.50
1.00000 -0.19644 0.02283 -0.00000 51.24 1.50
1.00000 -0.19640 0.02283 -0.00000 51.36 1.50
1.00000 -0.19636 0.02283 -0.00000 51.48 1.50
1.00000 -0.19632 0.02283 -0.00000 51.60 1.50
1.00000 -0.19628 0.02283 -0.00000 51.72 1.50
1.00000 -0.19625 0.02283 -0.00000 51.84 1.50
1.00000 -0.19621 0.02283 -0.00000 51.96 1.50
1.00000 -0.19617 0.02283 -0.00000 52.08 1.50
1.00000 -0.19614 0.02283 -0.00000 52.20 1.50
1.00000 -0.19610 0.02283 -0.00000 52.32 1.50
1.00000 -0.19606 0.02283 -0.00000 52.44 1.50
1.00000 -0.19603 0.02283 -0.00000 52.56 1.50
1.00000 -0.19599 0.02283 -0.00000 52.68 1.50
1.00000 -0.19595 0.02283 -0.00000 52.80 1.50
1.00000 -0.19592 0.02283 -0.00000 52.92 1.50
1.00000 -0.19588 0.02283 -0.00000 53.04 1.50
1.00000 -0.19585 0.02283 -0.00000 53.16 1.50
1.00000 -0.19581 0.02283 -0.00000 53.28 1.50
1.00000 -0.19578 0.02283 -0.00000 53.40 1.50
1.00000 -0.19574 0.02283 -0.00000 53.52 1.50
1.00000 -0.19571 0.02283 -0.00000 53.64 1.50
1.00000 -0.19567 0.02283 -0.00000 53.76 1.50
1.00000 -0.19564 0.02283 -0.00000 53.88 1.50
1.00000 -0.19560 0.02283 -0.00000 54.00 1.50
1.00000 -0.19557 0.02283 -0.00000 54.12 1.50
1.00000 -0.19553 0.02283 -0.00000 54.24 1.50
1.00000 -0.19550 0.02283 -0.00000 54.36 1.50
1.00000 -0.19547 0.02283 -0.00000 54.48 1.50
1.00000 -0.19543 0.02283 -0.00000 54.60 1.50
1.00000 -0.19540 0.02283 -0.00000 54.72 1.50
1.00000 -0.19536 0.02283 -0.00000 54.84 1.50
1.00000 -0.19533 0.02283 -0.00000 54.96 1.50
1.00000 -0.19530 0.02283 -0.00000 55.08 1.50
1.00000 -0.19527 0.02283 -0.00000 55.20 1.50
1.00000 -0.19523 0.02283 -0.00000 55.32 1.50
1.00000 -0.19520 0.02283 -0.00000 55.44 1.50
1.00000 -0.19517 0.02283 -0.00000 55.56 1.50
1.00000 -0.19513 0.02283 -0.00000 55.68 1.50
1.00000 -0.19510 0.02283 -0.00000 55.80 1.50
1.00000 -0.19507 0.02283 -0.00000 55.92 1.50
1.00000 -0.19504 0.02283 -0.00000 56.04 1.50
1.00000 -0.19501 0.02283 -0.00000 56.16 1.50
1.00000 -0.19497 0.02283 -0.00000 56.28 1.50
1.00000 -0.19494 0.02283 -0.00000 56.40 1.50
1.00000 -0.19491 0.02283 -0.00000 56.52 1.50
1.00000 -0.19488 0.02283 -0.00000 56.64 1.50
1.00000 -0.19485 0.02283 -0.00000 56.76 1.50
1.00000 -0.19482 0.02283 -0.00000 56.88 1.50
1.00000 -0.19479 0.02283 -0.00000 57.00 1.50
1.00000 -0.19476 0.02283 -0.00000 57.12 1.50
1.00000 -0.19473 0.02283 -0.00000 57.24 1.50
1.00000 -0.19469 0.02283 -0.00000 57.36 1.50
1.00000 -0.19466 0.02283 -0.00000 57.48 1.50
1.00000 -0.19463 0.02283 -0.00000 57.60 1.50
1.00000 -0.19460 0.02283 -0.00000 57.72 1.50
1.00000 -0.19457 0.02283 -0.00000 57.84 1.50
1.00000 -0.19454 0.02283 -0.00000 57.96 1.50
1.00000 -0.19451 0.02283 -0.00000 58.08 1.50
1.00000 -0.19448 0.02283 -0.00000 58.20 1.50
1.00000 -0.19445 0.02283 -0.00000 58.32 1.50
1.00000 -0.19443 0.02283 -0.00000 58.44 1.50
1.00000 -0.19440 0.02283 -0.00000 58.56 1.50
1.00000 -0.19437 0.02283 -0.00000 58.68 1.50
1.00000 -0.19434 0.02283 -0.00000 58.80 1.50
1.00000 -0.19431 0.02283 -0.00000 58.92 1.50
1.00000 -0.19428 0.02283 -0.00000 59.04 1.50
1.00000 -0.19425 0.02283 -0.00000 59.16 1.50
1.00000 -0.19422 0.02283 -0.00000 59.28 1.50
1.00000 -0.19419 0.02283 -0.00000 59.40 1.50
1.00000 -0.19417 0.02283 -0.00000 59.52 1.50
1.00000 -0.19414 0.02283 -0.00000 59.64 1.50
1.00000 -0.19411 0.02283 -0.00000 59.76 1.50
1.00000 -0.19408 0.02283 -0.00000 59.88 1.50
