# a0 a2 a4 a6 delta sigma
1.00000 0.71429 -1.71429 0.00000 0.00 0.10
1.00000 0.71429 -1.71429 0.00000 0.00 0.10
1.00000 0.71429 -1.71429 0.00000 0.00 0.11
1.00000 0.71429 -1.71429 0.00000 0.00 0.11
1.00000 0.71429 -1.71429 0.00000 0.00 0.11
1.00000 0.71429 -1.71429 0.00000 0.00 0.12
1.00000 0.71429 -1.71429 0.00000 0.00 0.12
1.00000 0.71429 -1.71429 0.00000 0.00 0.12
1.00000 0.71429 -1.71429 0.00000 0.00 0.12
1.00000 0.71429 -1.71429 0.00000 0.00 0.13
1.00000 0.71429 -1.71429 0.00000 0.00 0.13
1.00000 0.71429 -1.71429 0.00000 0.00 0.13
1.00000 0.71429 -1.71429 0.00000 0.00 0.14
1.00000 0.71429 -1.71429 0.00000 0.00 0.14
1.00000 0.71429 -1.71429 0.00000 0.00 0.14
1.00000 0.71429 -1.71429 0.00000 0.00 0.15
1.00000 0.71429 -1.71429 0.00000 0.00 0.15
1.00000 0.71429 -1.71429 0.00000 0.00 0.15
1.00000 0.71429 -1.71429 0.00000 0.00 0.15
1.00000 0.71429 -1.71429 0.00000 0.00 0.16
1.00000 0.71429 -1.71429 0.00000 0.00 0.16
1.00000 0.71429 -1.71429 0.00000 0.00 0.16
1.00000 0.71429 -1.71429 0.00000 0.00 0.17
1.00000 0.71429 -1.71429 0.00000 0.00 0.17
1.00000 0.71429 -1.71429 0.00000 0.00 0.17
1.00000 0.71429 -1.71429 0.00000 0.00 0.17
1.00000 0.71429 -1.71428 0.00000 0.00 0.18
1.00000 0.71429 -1.71428 0.00000 0.00 0.18
1.00000 0.71429 -1.71428 0.00000 0.00 0.18
1.00000 0.71429 -1.71428 0.00000 0.00 0.19
1.00000 0.71429 -1.71428 0.00000 0.00 0.19
1.00000 0.71428 -1.71428 0.00000 0.00 0.19
1.00000 0.71428 -1.71427 0.00000 0.00 0.20
1.00000 0.71428 -1.71427 0.00000 0.00 0.20
1.00000 0.71428 -1.71426 0.00000 0.00 0.20
1.00000 0.71428 -1.71425 0.00000 0.00 0.21
1.00000 0.71428 -1.71423 0.00000 0.00 0.21
1.00000 0.71428 -1.71421 0.00000 0.00 0.21
1.00000 0.71427 -1.71418 0.00000 0.00 0.21
1.00000 0.71427 -1.71415 0.00000 0.00 0.22
1.00000 0.71426 -1.71410 0.00000 0.00 0.22
1.00000 0.71426 -1.71404 0.00000 0.00 0.22
1.00000 0.71425 -1.71397 0.00000 0.00 0.23
1.00000 0.71423 -1.71387 0.00000 0.00 0.23
1.00000 0.71422 -1.71376 0.00000 0.00 0.23
1.00000 0.71420 -1.71362 0.00000 0.00 0.24
1.00000 0.71418 -1.71345 0.00000 0.00 0.24
1.00000 0.71416 -1.71324 0.00000 0.00 0.24
1.00000 0.71412 -1.71300 0.00000 0.00 0.24
1.00000 0.71409 -1.71271 0.00000 0.00 0.25
1.00000 0.71405 -1.71237 0.00000 0.00 0.25
1.00000 0.71400 -1.71197 0.00000 0.00 0.25
1.00000 0.71394 -1.71151 0.00000 0.00 0.26
1.00000 0.71387 -1.71098 0.00000 0.00 0.26
1.00000 0.71380 -1.71037 0.00000 0.00 0.26
1.00000 0.71371 -1.70967 0.00000 0.00 0.27
1.00000 0.71361 -1.70888 0.00000 0.00 0.27
1.00000 0.71350 -1.70799 0.00000 0.00 0.27
1.00000 0.71337 -1.70698 0.00000 0.00 0.27
1.00000 0.71323 -1.70586 0.00000 0.00 0.28
1.00000 0.71308 -1.70461 0.00000 0.00 0.28
1.00000 0.71290 -1.70322 0.00000 0.00 0.28
1.00000 0.71271 -1.70169 0.00000 0.00 0.29
1.00000 0.71250 -1.70000 0.00000 0.00 0.29
1.00000 0.71227 -1.69815 0.00000 0.00 0.29
1.00000 0.71202 -1.69613 0.00000 0.00 0.30
1.00000 0.71174 -1.69393 0.00000 0.00 0.30
1.00000 0.71144 -1.69155 0.00000 0.00 0.30
1.00000 0.71112 -1.68897 0.00000 0.00 0.30
1.00000 0.71077 -1.68619 0.00000 0.00 0.31
1.00000 0.71040 -1.68320 0.00000 0.00 0.31
1.00000 0.71000 -1.67999 0.00000 0.00 0.31
1.00000 0.70957 -1.67656 0.00000 0.00 0.32
1.00000 0.70911 -1.67291 0.00000 0.00 0.32
1.00000 0.70863 -1.66903 0.00000 0.00 0.32
1.00000 0.70811 -1.66490 0.00000 0.00 0.33
1.00000 0.70757 -1.66054 0.00000 0.00 0.33
1.00000 0.70699 -1.65594 0.00000 0.00 0.33
1.00000 0.70639 -1.65109 0.00000 0.00 0.33
1.00000 0.70575 -1.64599 0.00000 0.00 0.34
1.00000 0.70508 -1.64063 0.00000 0.00 0.34
1.00000 0.70438 -1.63503 0.00000 0.00 0.34
1.00000 0.70365 -1.62918 0.00000 0.00 0.35
1.00000 0.70288 -1.62307 0.00000 0.00 0.35
1.00000 0.70209 -1.61671 0.00000 0.00 0.35
1.00000 0.70126 -1.61011 0.00000 0.00 0.35
1.00000 0.70041 -1.60325 0.00000 0.00 0.36
1.00000 0.69952 -1.59615 0.00000 0.00 0.36
1.00000 0.69860 -1.58881 0.00000 0.00 0.36
1.00000 0.69765 -1.58123 0.00000 0.00 0.37
1.00000 0.69668 -1.57341 0.00000 0.00 0.37
1.00000 0.69567 -1.56536 0.00000 0.00 0.37
1.00000 0.69463 -1.55709 0.00000 0.00 0.38
1.00000 0.69357 -1.54860 0.00000 0.00 0.38
1.00000 0.69248 -1.53989 0.00000 0.00 0.38
1.00000 0.69137 -1.53097 0.00000 0.00 0.39
1.00000 0.69023 -1.52186 0.00000 0.00 0.39
1.00000 0.68906 -1.51254 0.00000 0.00 0.39
1.00000 0.68787 -1.50304 0.00000 0.00 0.39
1.00000 0.68666 -1.49335 0.00000 0.00 0.40
1.00000 0.68543 -1.48349 0.00000 0.00 0.40
1.00000 0.68417 -1.47346 0.00000 0.00 0.40
1.00000 0.68290 -1.46327 0.00000 0.00 0.41
1.00000 0.68160 -1.45293 0.00000 0.00 0.41
1.00000 0.68029 -1.44245 0.00000 0.00 0.41
1.00000 0.67896 -1.43183 0.00000 0.00 0.42
1.00000 0.67761 -1.42108 0.00000 0.00 0.42
1.00000 0.67625 -1.41021 0.00000 0.00 0.42
1.00000 0.67487 -1.39923 0.00000 0.00 0.42
1.00000 0.67348 -1.38814 0.00000 0.00 0.43
1.00000 0.67208 -1.37696 0.00000 0.00 0.43
1.00000 0.67066 -1.36569 0.00000 0.00 0.43
1.00000 0.66923 -1.35433 0.00000 0.00 0.44
1.00000 0.66780 -1.34290 0.00000 0.00 0.44
1.00000 0.66635 -1.33141 0.00000 0.00 0.44
1.00000 0.66489 -1.31985 0.00000 0.00 0.45
1.00000 0.66343 -1.30825 0.00000 0.00 0.45
1.00000 0.66196 -1.29660 0.00000 0.00 0.45
1.00000 0.66048 -1.28491 0.00000 0.00 0.45
1.00000 0.65900 -1.27319 0.00000 0.00 0.46
1.00000 0.65751 -1.26144 0.00000 0.00 0.46
1.00000 0.65602 -1.24968 0.00000 0.00 0.46
1.00000 0.65453 -1.23790 0.00000 0.00 0.47
1.00000 0.65303 -1.22612 0.00000 0.00 0.47
1.00000 0.65153 -1.21433 0.00000 0.00 0.47
1.00000 0.65003 -1.20255 0.00000 0.00 0.47
1.00000 0.64853 -1.19078 0.00000 0.00 0.48
1.00000 0.64702 -1.17903 0.00000 0.00 0.48
1.00000 0.64552 -1.16730 0.00000 0.00 0.48
1.00000 0.64401 -1.15559 0.00000 0.00 0.49
1.00000 0.64251 -1.14391 0.00000 0.00 0.49
1.00000 0.64100 -1.13226 0.00000 0.00 0.49
1.00000 0.63950 -1.12065 0.00000 0.00 0.50
1.00000 0.63800 -1.10909 0.00000 0.00 0.50
1.00000 0.63650 -1.09757 0.00000 0.00 0.50
1.00000 0.63500 -1.08610 0.00000 0.00 0.51
1.00000 0.63350 -1.07468 0.00000 0.00 0.51
1.00000 0.63200 -1.06331 0.00000 0.00 0.51
1.00000 0.63051 -1.05201 0.00000 0.00 0.51
1.00000 0.62902 -1.04077 0.00000 0.00 0.52
1.00000 0.62753 -1.02959 0.00000 0.00 0.52
1.00000 0.62605 -1.01848 0.00000 0.00 0.52
1.00000 0.62457 -1.00743 0.00000 0.00 0.53
1.00000 0.62309 -0.99646 0.00000 0.00 0.53
1.00000 0.62161 -0.98557 0.00000 0.00 0.53
1.00000 0.62013 -0.97474 0.00000 0.00 0.54
1.00000 0.61866 -0.96400 0.00000 0.00 0.54
1.00000 0.61719 -0.95333 0.00000 0.00 0.54
1.00000 0.61573 -0.94275 0.00000 0.00 0.54
1.00000 0.61426 -0.93224 0.00000 0.00 0.55
1.00000 0.61280 -0.92182 0.00000 0.00 0.55
1.00000 0.61134 -0.91149 0.00000 0.00 0.55
1.00000 0.60989 -0.90123 0.00000 0.00 0.56
1.00000 0.60843 -0.89107 0.00000 0.00 0.56
1.00000 0.60698 -0.88099 0.00000 0.00 0.56
1.00000 0.60553 -0.87100 0.00000 0.00 0.57
1.00000 0.60408 -0.86110 0.00000 0.00 0.57
1.00000 0.60264 -0.85129 0.00000 0.00 0.57
1.00000 0.60119 -0.84156 0.00000 0.00 0.57
1.00000 0.59975 -0.83193 0.00000 0.00 0.58
1.00000 0.59831 -0.82239 0.00000 0.00 0.58
1.00000 0.59687 -0.81294 0.00000 0.00 0.58
1.00000 0.59543 -0.80358 0.00000 0.00 0.59
1.00000 0.59399 -0.79431 0.00000 0.00 0.59
1.00000 0.59255 -0.78513 0.00000 0.00 0.59
1.00000 0.59112 -0.77604 0.00000 0.00 0.59
1.00000 0.58968 -0.76705 0.00000 0.00 0.60
1.00000 0.58824 -0.75814 0.00000 0.00 0.60
1.00000 0.58681 -0.74933 0.00000 0.00 0.60
1.00000 0.58537 -0.74060 0.00000 0.00 0.61
1.00000 0.58393 -0.73197 0.00000 0.00 0.61
1.00000 0.58250 -0.72343 0.00000 0.00 0.61
1.00000 0.58106 -0.71498 0.00000 0.00 0.62
1.00000 0.57962 -0.70661 0.00000 0.00 0.62
1.00000 0.57818 -0.69834 0.00000 0.00 0.62
1.00000 0.57674 -0.69016 0.00000 0.00 0.62
1.00000 0.57530 -0.68206 0.00000 0.00 0.63
1.00000 0.57386 -0.67406 0.00000 0.00 0.63
1.00000 0.57241 -0.66614 0.00000 0.00 0.63
1.00000 0.57097 -0.65831 0.00000 0.00 0.64
1.00000 0.56952 -0.65056 0.00000 0.00 0.64
1.00000 0.56807 -0.64290 0.00000 0.00 0.64
1.00000 0.56662 -0.63533 0.00000 0.00 0.65
1.00000 0.56517 -0.62784 0.00000 0.00 0.65
1.00000 0.56371 -0.62044 0.00000 0.00 0.65
1.00000 0.56226 -0.61312 0.00000 0.00 0.66
1.00000 0.56080 -0.60588 0.00000 0.00 0.66
1.00000 0.55933 -0.59873 0.00000 0.00 0.66
1.00000 0.55787 -0.59165 0.00000 0.00 0.66
1.00000 0.55640 -0.58466 0.00000 0.00 0.67
1.00000 0.55493 -0.57775 0.00000 0.00 0.67
1.00000 0.55346 -0.57092 0.00000 0.00 0.67
1.00000 0.55198 -0.56417 0.00000 0.00 0.68
1.00000 0.55050 -0.55750 0.00000 0.00 0.68
1.00000 0.54902 -0.55091 0.00000 0.00 0.68
1.00000 0.54754 -0.54439 0.00000 0.00 0.68
1.00000 0.54605 -0.53795 0.00000 0.00 0.69
1.00000 0.54456 -0.53159 0.00000 0.00 0.69
1.00000 0.54307 -0.52530 0.00000 0.00 0.69
1.00000 0.54157 -0.51909 0.00000 0.00 0.70
1.00000 0.54007 -0.51295 0.00000 0.00 0.70
1.00000 0.53857 -0.50688 0.00000 0.00 0.70
1.00000 0.53706 -0.50089 0.00000 0.00 0.71
1.00000 0.53555 -0.49497 0.00000 0.00 0.71
1.00000 0.53404 -0.48912 0.00000 0.00 0.71
1.00000 0.53252 -0.48333 0.00000 0.00 0.71
1.00000 0.53100 -0.47762 0.00000 0.00 0.72
1.00000 0.52948 -0.47198 0.00000 0.00 0.72
1.00000 0.52795 -0.46641 0.00000 0.00 0.72
1.00000 0.52643 -0.46090 0.00000 0.00 0.73
1.00000 0.52489 -0.45546 0.00000 0.00 0.73
1.00000 0.52336 -0.45009 0.00000 0.00 0.73
1.00000 0.52182 -0.44478 0.00000 0.00 0.74
1.00000 0.52028 -0.43953 0.00000 0.00 0.74
1.00000 0.51874 -0.43435 0.00000 0.00 0.74
1.00000 0.51719 -0.42924 0.00000 0.00 0.74
1.00000 0.51564 -0.42418 0.00000 0.00 0.75
1.00000 0.51409 -0.41919 0.00000 0.00 0.75
1.00000 0.51253 -0.41426 0.00000 0.00 0.75
1.00000 0.51098 -0.40939 0.00000 0.00 0.76
1.00000 0.50942 -0.40458 0.00000 0.00 0.76
1.00000 0.50785 -0.39983 0.00000 0.00 0.76
1.00000 0.50629 -0.39514 0.00000 0.00 0.77
1.00000 0.50472 -0.39050 0.00000 0.00 0.77
1.00000 0.50315 -0.38592 0.00000 0.00 0.77
1.00000 0.50158 -0.38140 0.00000 0.00 0.78
1.00000 0.50001 -0.37694 0.00000 0.00 0.78
1.00000 0.49843 -0.37253 0.00000 0.00 0.78
1.00000 0.49685 -0.36817 0.00000 0.00 0.78
1.00000 0.49527 -0.36387 0.00000 0.00 0.79
1.00000 0.49369 -0.35963 0.00000 0.00 0.79
1.00000 0.49211 -0.35543 0.00000 0.00 0.79
1.00000 0.49052 -0.35129 0.00000 0.00 0.80
1.00000 0.48894 -0.34720 0.00000 0.00 0.80
1.00000 0.48735 -0.34316 0.00000 0.00 0.80
1.00000 0.48576 -0.33917 0.00000 0.00 0.80
1.00000 0.48417 -0.33523 0.00000 0.00 0.81
1.00000 0.48258 -0.33134 0.00000 0.00 0.81
1.00000 0.48098 -0.32750 0.00000 0.00 0.81
1.00000 0.47939 -0.32370 0.00000 0.00 0.82
1.00000 0.47779 -0.31995 0.00000 0.00 0.82
1.00000 0.47620 -0.31625 0.00000 0.00 0.82
1.00000 0.47460 -0.31260 0.00000 0.00 0.83
1.00000 0.47301 -0.30899 0.00000 0.00 0.83
1.00000 0.47141 -0.30543 0.00000 0.00 0.83
1.00000 0.46981 -0.30191 0.00000 0.00 0.83
1.00000 0.46821 -0.29844 0.00000 0.00 0.84
1.00000 0.46662 -0.29501 0.00000 0.00 0.84
1.00000 0.46502 -0.29162 0.00000 0.00 0.84
1.00000 0.46342 -0.28827 0.00000 0.00 0.85
1.00000 0.46182 -0.28497 0.00000 0.00 0.85
1.00000 0.46023 -0.28171 0.00000 0.00 0.85
1.00000 0.45863 -0.27849 0.00000 0.00 0.86
1.00000 0.45703 -0.27531 0.00000 0.00 0.86
1.00000 0.45544 -0.27217 0.00000 0.00 0.86
1.00000 0.45384 -0.26907 0.00000 0.00 0.86
1.00000 0.45225 -0.26600 0.00000 0.00 0.87
1.00000 0.45065 -0.26298 0.00000 0.00 0.87
1.00000 0.44906 -0.25999 0.00000 0.00 0.87
1.00000 0.44747 -0.25704 0.00000 0.00 0.88
1.00000 0.44588 -0.25413 0.00000 0.00 0.88
1.00000 0.44429 -0.25126 0.00000 0.00 0.88
1.00000 0.44270 -0.24842 0.00000 0.00 0.89
1.00000 0.44111 -0.24561 0.00000 0.00 0.89
1.00000 0.43953 -0.24285 0.00000 0.00 0.89
1.00000 0.43795 -0.24011 0.00000 0.00 0.90
1.00000 0.43636 -0.23741 0.00000 0.00 0.90
1.00000 0.43478 -0.23475 0.00000 0.00 0.90
1.00000 0.43321 -0.23211 0.00000 0.00 0.90
1.00000 0.43163 -0.22951 0.00000 0.00 0.91
1.00000 0.43006 -0.22695 0.00000 0.00 0.91
1.00000 0.42849 -0.22441 0.00000 0.00 0.91
1.00000 0.42692 -0.22191 0.00000 0.00 0.92
1.00000 0.42535 -0.21944 0.00000 0.00 0.92
1.00000 0.42378 -0.21700 0.00000 0.00 0.92
1.00000 0.42222 -0.21459 0.00000 0.00 0.93
1.00000 0.42066 -0.21221 0.00000 0.00 0.93
1.00000 0.41910 -0.20986 0.00000 0.00 0.93
1.00000 0.41755 -0.20754 0.00000 0.00 0.93
1.00000 0.41600 -0.20524 0.00000 0.00 0.94
1.00000 0.41445 -0.20298 0.00000 0.00 0.94
1.00000 0.41290 -0.20074 0.00000 0.00 0.94
1.00000 0.41136 -0.19854 0.00000 0.00 0.95
1.00000 0.40982 -0.19636 0.00000 0.00 0.95
1.00000 0.40828 -0.19420 0.00000 0.00 0.95
1.00000 0.40675 -0.19208 0.00000 0.00 0.95
1.00000 0.40522 -0.18998 0.00000 0.00 0.96
1.00000 0.40369 -0.18790 0.00000 0.00 0.96
1.00000 0.40217 -0.18585 0.00000 0.00 0.96
1.00000 0.40065 -0.18383 0.00000 0.00 0.97
1.00000 0.39913 -0.18183 0.00000 0.00 0.97
1.00000 0.39762 -0.17986 0.00000 0.00 0.97
1.00000 0.39611 -0.17791 0.00000 0.00 0.98
1.00000 0.39460 -0.17599 0.00000 0.00 0.98
1.00000 0.39310 -0.17409 0.00000 0.00 0.98
1.00000 0.39161 -0.17221 0.00000 0.00 0.98
1.00000 0.39011 -0.17036 0.00000 0.00 0.99
1.00000 0.38862 -0.16853 0.00000 0.00 0.99
1.00000 0.38713 -0.16672 0.00000 0.00 0.99
1.00000 0.38565 -0.16493 0.00000 0.00 1.00
1.00000 0.38417 -0.16317 0.00000 0.00 1.00
1.00000 0.38270 -0.16142 0.00000 0.00 1.00
1.00000 0.38123 -0.15970 0.00000 0.00 1.01
1.00000 0.37976 -0.15800 0.00000 0.00 1.01
1.00000 0.37830 -0.15632 0.00000 0.00 1.01
1.00000 0.37685 -0.15467 0.00000 0.00 1.02
1.00000 0.37539 -0.15303 0.00000 0.00 1.02
1.00000 0.37394 -0.15141 0.00000 0.00 1.02
1.00000 0.37250 -0.14981 0.00000 0.00 1.02
1.00000 0.37106 -0.14823 0.00000 0.00 1.03
1.00000 0.36963 -0.14667 0.00000 0.00 1.03
1.00000 0.36820 -0.14513 0.00000 0.00 1.03
1.00000 0.36677 -0.14361 0.00000 0.00 1.04
1.00000 0.36535 -0.14211 0.00000 0.00 1.04
1.00000 0.36393 -0.14062 0.00000 0.00 1.04
1.00000 0.36252 -0.13915 0.00000 0.00 1.05
1.00000 0.36111 -0.13770 0.00000 0.00 1.05
1.00000 0.35971 -0.13627 0.00000 0.00 1.05
1.00000 0.35831 -0.13486 0.00000 0.00 1.05
1.00000 0.35692 -0.13346 0.00000 0.00 1.06
1.00000 0.35553 -0.13208 0.00000 0.00 1.06
1.00000 0.35415 -0.13072 0.00000 0.00 1.06
1.00000 0.35277 -0.12937 0.00000 0.00 1.07
1.00000 0.35139 -0.12804 0.00000 0.00 1.07
1.00000 0.35002 -0.12672 0.00000 0.00 1.07
1.00000 0.34866 -0.12542 0.00000 0.00 1.07
1.00000 0.34730 -0.12414 0.00000 0.00 1.08
1.00000 0.34594 -0.12287 0.00000 0.00 1.08
1.00000 0.34459 -0.12162 0.00000 0.00 1.08
1.00000 0.34325 -0.12038 0.00000 0.00 1.09
1.00000 0.34191 -0.11915 0.00000 0.00 1.09
1.00000 0.34058 -0.11794 0.00000 0.00 1.09
1.00000 0.33925 -0.11675 0.00000 0.00 1.10
1.00000 0.33792 -0.11557 0.00000 0.00 1.10
1.00000 0.33660 -0.11440 0.00000 0.00 1.10
1.00000 0.33529 -0.11325 0.00000 0.00 1.11
1.00000 0.33398 -0.11211 0.00000 0.00 1.11
1.00000 0.33267 -0.11099 0.00000 0.00 1.11
1.00000 0.33137 -0.10987 0.00000 0.00 1.11
1.00000 0.33008 -0.10878 0.00000 0.00 1.12
1.00000 0.32879 -0.10769 0.00000 0.00 1.12
1.00000 0.32751 -0.10662 0.00000 0.00 1.12
1.00000 0.32623 -0.10556 0.00000 0.00 1.13
1.00000 0.32495 -0.10451 0.00000 0.00 1.13
1.00000 0.32369 -0.10347 0.00000 0.00 1.13
1.00000 0.32242 -0.10245 0.00000 0.00 1.14
1.00000 0.32116 -0.10144 0.00000 0.00 1.14
1.00000 0.31991 -0.10044 0.00000 0.00 1.14
1.00000 0.31866 -0.09945 0.00000 0.00 1.14
1.00000 0.31742 -0.09847 0.00000 0.00 1.15
1.00000 0.31618 -0.09750 0.00000 0.00 1.15
1.00000 0.31495 -0.09655 0.00000 0.00 1.15
1.00000 0.31372 -0.09561 0.00000 0.00 1.16
1.00000 0.31250 -0.09468 0.00000 0.00 1.16
1.00000 0.31128 -0.09375 0.00000 0.00 1.16
1.00000 0.31007 -0.09284 0.00000 0.00 1.17
1.00000 0.30886 -0.09194 0.00000 0.00 1.17
1.00000 0.30766 -0.09105 0.00000 0.00 1.17
1.00000 0.30646 -0.09017 0.00000 0.00 1.17
1.00000 0.30527 -0.08930 0.00000 0.00 1.18
1.00000 0.30408 -0.08844 0.00000 0.00 1.18
1.00000 0.30290 -0.08759 0.00000 0.00 1.18
1.00000 0.30172 -0.08675 0.00000 0.00 1.19
1.00000 0.30055 -0.08592 0.00000 0.00 1.19
1.00000 0.29938 -0.08510 0.00000 0.00 1.19
1.00000 0.29822 -0.08429 0.00000 0.00 1.20
1.00000 0.29707 -0.08349 0.00000 0.00 1.20
1.00000 0.29591 -0.08270 0.00000 0.00 1.20
1.00000 0.29477 -0.08191 0.00000 0.00 1.20
1.00000 0.29363 -0.08114 0.00000 0.00 1.21
1.00000 0.29249 -0.08037 0.00000 0.00 1.21
1.00000 0.29136 -0.07961 0.00000 0.00 1.21
1.00000 0.29023 -0.07886 0.00000 0.00 1.22
1.00000 0.28911 -0.07812 0.00000 0.00 1.22
1.00000 0.28799 -0.07739 0.00000 0.00 1.22
1.00000 0.28688 -0.07666 0.00000 0.00 1.23
1.00000 0.28578 -0.07595 0.00000 0.00 1.23
1.00000 0.28468 -0.07524 0.00000 0.00 1.23
1.00000 0.28358 -0.07454 0.00000 0.00 1.23
1.00000 0.28249 -0.07385 0.00000 0.00 1.24
1.00000 0.28140 -0.07316 0.00000 0.00 1.24
1.00000 0.28032 -0.07248 0.00000 0.00 1.24
1.00000 0.27924 -0.07182 0.00000 0.00 1.25
1.00000 0.27817 -0.07115 0.00000 0.00 1.25
1.00000 0.27710 -0.07050 0.00000 0.00 1.25
1.00000 0.27604 -0.06985 0.00000 0.00 1.26
1.00000 0.27498 -0.06921 0.00000 0.00 1.26
1.00000 0.27393 -0.06858 0.00000 0.00 1.26
1.00000 0.27288 -0.06795 0.00000 0.00 1.26
1.00000 0.27184 -0.06733 0.00000 0.00 1.27
1.00000 0.27080 -0.06672 0.00000 0.00 1.27
1.00000 0.26977 -0.06611 0.00000 0.00 1.27
1.00000 0.26874 -0.06551 0.00000 0.00 1.28
1.00000 0.26772 -0.06492 0.00000 0.00 1.28
1.00000 0.26670 -0.06433 0.00000 0.00 1.28
1.00000 0.26568 -0.06375 0.00000 0.00 1.29
1.00000 0.26467 -0.06318 0.00000 0.00 1.29
1.00000 0.26367 -0.06261 0.00000 0.00 1.29
1.00000 0.26267 -0.06205 0.00000 0.00 1.29
1.00000 0.26167 -0.06149 0.00000 0.00 1.30
1.00000 0.26068 -0.06095 0.00000 0.00 1.30
1.00000 0.25969 -0.06040 0.00000 0.00 1.30
1.00000 0.25871 -0.05986 0.00000 0.00 1.31
1.00000 0.25774 -0.05933 0.00000 0.00 1.31
1.00000 0.25676 -0.05881 0.00000 0.00 1.31
1.00000 0.25579 -0.05829 0.00000 0.00 1.32
1.00000 0.25483 -0.05777 0.00000 0.00 1.32
1.00000 0.25387 -0.05726 0.00000 0.00 1.32
1.00000 0.25292 -0.05676 0.00000 0.00 1.32
1.00000 0.25197 -0.05626 0.00000 0.00 1.33
1.00000 0.25102 -0.05577 0.00000 0.00 1.33
1.00000 0.25008 -0.05528 0.00000 0.00 1.33
1.00000 0.24914 -0.05480 0.00000 0.00 1.34
1.00000 0.24821 -0.05432 0.00000 0.00 1.34
1.00000 0.24728 -0.05385 0.00000 0.00 1.34
1.00000 0.24636 -0.05338 0.00000 0.00 1.35
1.00000 0.24544 -0.05291 0.00000 0.00 1.35
1.00000 0.24452 -0.05246 0.00000 0.00 1.35
1.00000 0.24361 -0.05200 0.00000 0.00 1.35
1.00000 0.24271 -0.05156 0.00000 0.00 1.36
1.00000 0.24181 -0.05111 0.00000 0.00 1.36
1.00000 0.24091 -0.05067 0.00000 0.00 1.36
1.00000 0.24001 -0.05024 0.00000 0.00 1.37
1.00000 0.23912 -0.04981 0.00000 0.00 1.37
1.00000 0.23824 -0.04938 0.00000 0.00 1.37
1.00000 0.23736 -0.04896 0.00000 0.00 1.38
1.00000 0.23648 -0.04855 0.00000 0.00 1.38
1.00000 0.23561 -0.04813 0.00000 0.00 1.38
1.00000 0.23474 -0.04773 0.00000 0.00 1.38
1.00000 0.23388 -0.04732 0.00000 0.00 1.39
1.00000 0.23302 -0.04692 0.00000 0.00 1.39
1.00000 0.23216 -0.04653 0.00000 0.00 1.39
1.00000 0.23131 -0.04613 0.00000 0.00 1.40
1.00000 0.23046 -0.04575 0.00000 0.00 1.40
1.00000 0.22962 -0.04536 0.00000 0.00 1.40
1.00000 0.22878 -0.04498 0.00000 0.00 1.41
1.00000 0.22794 -0.04461 0.00000 0.00 1.41
1.00000 0.22711 -0.04424 0.00000 0.00 1.41
1.00000 0.22628 -0.04387 0.00000 0.00 1.41
1.00000 0.22546 -0.04350 0.00000 0.00 1.42
1.00000 0.22464 -0.04314 0.00000 0.00 1.42
1.00000 0.22382 -0.04279 0.00000 0.00 1.42
1.00000 0.22301 -0.04243 0.00000 0.00 1.43
1.00000 0.22220 -0.04208 0.00000 0.00 1.43
1.00000 0.22139 -0.04174 0.00000 0.00 1.43
1.00000 0.22059 -0.04139 0.00000 0.00 1.44
1.00000 0.21980 -0.04105 0.00000 0.00 1.44
1.00000 0.21900 -0.04072 0.00000 0.00 1.44
1.00000 0.21821 -0.04038 0.00000 0.00 1.44
1.00000 0.21743 -0.04005 0.00000 0.00 1.45
1.00000 0.21665 -0.03973 0.00000 0.00 1.45
1.00000 0.21587 -0.03941 0.00000 0.00 1.45
1.00000 0.21509 -0.03909 0.00000 0.00 1.46
1.00000 0.21432 -0.03877 0.00000 0.00 1.46
1.00000 0.21356 -0.03846 0.00000 0.00 1.46
1.00000 0.21279 -0.03815 0.00000 0.00 1.47
1.00000 0.21203 -0.03784 0.00000 0.00 1.47
1.00000 0.21128 -0.03753 0.00000 0.00 1.47
1.00000 0.21052 -0.03723 0.00000 0.00 1.47
1.00000 0.20977 -0.03694 0.00000 0.00 1.48
1.00000 0.20903 -0.03664 0.00000 0.00 1.48
1.00000 0.20829 -0.03635 0.00000 0.00 1.48
1.00000 0.20755 -0.03606 0.00000 0.00 1.49
1.00000 0.20681 -0.03577 0.00000 0.00 1.49
1.00000 0.20608 -0.03549 0.00000 0.00 1.49
1.00000 0.20535 -0.03521 0.00000 0.00 1.50
1.00000 0.20463 -0.03493 0.00000 0.00 1.50
1.00000 0.20391 -0.03465 0.00000 0.00 1.50
1.00000 0.20319 -0.03438 0.00000 0.00 1.50
1.00000 0.20247 -0.03411 0.00000 0.00 1.51
1.00000 0.20176 -0.03384 0.00000 0.00 1.51
1.00000 0.20106 -0.03357 0.00000 0.00 1.51
1.00000 0.20035 -0.03331 0.00000 0.00 1.52
1.00000 0.19965 -0.03305 0.00000 0.00 1.52
1.00000 0.19895 -0.03279 0.00000 0.00 1.52
1.00000 0.19826 -0.03254 0.00000 0.00 1.53
1.00000 0.19757 -0.03229 0.00000 0.00 1.53
1.00000 0.19688 -0.03204 0.00000 0.00 1.53
1.00000 0.19620 -0.03179 0.00000 0.00 1.53
1.00000 0.19551 -0.03154 0.00000 0.00 1.54
1.00000 0.19484 -0.03130 0.00000 0.00 1.54
1.00000 0.19416 -0.03106 0.00000 0.00 1.54
1.00000 0.19349 -0.03082 0.00000 0.00 1.55
1.00000 0.19282 -0.03058 0.00000 0.00 1.55
1.00000 0.19216 -0.03035 0.00000 0.00 1.55
1.00000 0.19149 -0.03012 0.00000 0.00 1.56
1.00000 0.19083 -0.02989 0.00000 0.00 1.56
1.00000 0.19018 -0.02966 0.00000 0.00 1.56
1.00000 0.18952 -0.02943 0.00000 0.00 1.56
1.00000 0.18887 -0.02921 0.00000 0.00 1.57
1.00000 0.18823 -0.02899 0.00000 0.00 1.57
1.00000 0.18758 -0.02877 0.00000 0.00 1.57
1.00000 0.18694 -0.02855 0.00000 0.00 1.58
1.00000 0.18630 -0.02834 0.00000 0.00 1.58
1.00000 0.18567 -0.02812 0.00000 0.00 1.58
1.00000 0.18504 -0.02791 0.00000 0.00 1.59
1.00000 0.18441 -0.02770 0.00000 0.00 1.59
1.00000 0.18378 -0.02749 0.00000 0.00 1.59
1.00000 0.18316 -0.02729 0.00000 0.00 1.59
1.00000 0.18254 -0.02709 0.00000 0.00 1.60
1.00000 0.18192 -0.02688 0.00000 0.00 1.60
1.00000 0.18131 -0.02668 0.00000 0.00 1.60
1.00000 0.18070 -0.02649 0.00000 0.00 1.61
1.00000 0.18009 -0.02629 0.00000 0.00 1.61
1.00000 0.17948 -0.02609 0.00000 0.00 1.61
1.00000 0.17888 -0.02590 0.00000 0.00 1.62
1.00000 0.17828 -0.02571 0.00000 0.00 1.62
1.00000 0.17768 -0.02552 0.00000 0.00 1.62
1.00000 0.17709 -0.02533 0.00000 0.00 1.62
1.00000 0.17649 -0.02515 0.00000 0.00 1.63
1.00000 0.17590 -0.02496 0.00000 0.00 1.63
1.00000 0.17532 -0.02478 0.00000 0.00 1.63
1.00000 0.17473 -0.02460 0.00000 0.00 1.64
1.00000 0.17415 -0.02442 0.00000 0.00 1.64
1.00000 0.17357 -0.02424 0.00000 0.00 1.64
1.00000 0.17300 -0.02407 0.00000 0.00 1.65
1.00000 0.17243 -0.02389 0.00000 0.00 1.65
1.00000 0.17186 -0.02372 0.00000 0.00 1.65
1.00000 0.17129 -0.02355 0.00000 0.00 1.65
1.00000 0.17072 -0.02338 0.00000 0.00 1.66
1.00000 0.17016 -0.02321 0.00000 0.00 1.66
1.00000 0.16960 -0.02304 0.00000 0.00 1.66
1.00000 0.16904 -0.02288 0.00000 0.00 1.67
1.00000 0.16849 -0.02272 0.00000 0.00 1.67
1.00000 0.16793 -0.02255 0.00000 0.00 1.67
1.00000 0.16738 -0.02239 0.00000 0.00 1.68
1.00000 0.16684 -0.02223 0.00000 0.00 1.68
1.00000 0.16629 -0.02207 0.00000 0.00 1.68
1.00000 0.16575 -0.02192 0.00000 0.00 1.68
1.00000 0.16521 -0.02176 0.00000 0.00 1.69
1.00000 0.16467 -0.02161 0.00000 0.00 1.69
1.00000 0.16414 -0.02146 0.00000 0.00 1.69
1.00000 0.16361 -0.02130 0.00000 0.00 1.70
1.00000 0.16308 -0.02115 0.00000 0.00 1.70
1.00000 0.16255 -0.02101 0.00000 0.00 1.70
1.00000 0.16202 -0.02086 0.00000 0.00 1.71
1.00000 0.16150 -0.02071 0.00000 0.00 1.71
1.00000 0.16098 -0.02057 0.00000 0.00 1.71
1.00000 0.16046 -0.02042 0.00000 0.00 1.71
1.00000 0.15994 -0.02028 0.00000 0.00 1.72
1.00000 0.15943 -0.02014 0.00000 0.00 1.72
1.00000 0.15892 -0.02000 0.00000 0.00 1.72
1.00000 0.15841 -0.01986 0.00000 0.00 1.73
1.00000 0.15790 -0.01972 0.00000 0.00 1.73
1.00000 0.15740 -0.01959 0.00000 0.00 1.73
1.00000 0.15690 -0.01945 0.00000 0.00 1.74
1.00000 0.15640 -0.01932 0.00000 0.00 1.74
1.00000 0.15590 -0.01918 0.00000 0.00 1.74
1.00000 0.15540 -0.01905 0.00000 0.00 1.74
1.00000 0.15491 -0.01892 0.00000 0.00 1.75
1.00000 0.15442 -0.01879 0.00000 0.00 1.75
1.00000 0.15393 -0.01866 0.00000 0.00 1.75
1.00000 0.15345 -0.01854 0.00000 0.00 1.76
1.00000 0.15296 -0.01841 0.00000 0.00 1.76
1.00000 0.15248 -0.01829 0.00000 0.00 1.76
1.00000 0.15200 -0.01816 0.00000 0.00 1.77
1.00000 0.15152 -0.01804 0.00000 0.00 1.77
1.00000 0.15104 -0.01792 0.00000 0.00 1.77
1.00000 0.15057 -0.01779 0.00000 0.00 1.77
1.00000 0.15010 -0.01767 0.00000 0.00 1.78
1.00000 0.14963 -0.01756 0.00000 0.00 1.78
1.00000 0.14916 -0.01744 0.00000 0.00 1.78
1.00000 0.14870 -0.01732 0.00000 0.00 1.79
1.00000 0.14823 -0.01720 0.00000 0.00 1.79
1.00000 0.14777 -0.01709 0.00000 0.00 1.79
1.00000 0.14731 -0.01697 0.00000 0.00 1.80
1.00000 0.14686 -0.01686 0.00000 0.00 1.80
1.00000 0.14640 -0.01675 0.00000 0.00 1.80
1.00000 0.14595 -0.01664 0.00000 0.00 1.80
1.00000 0.14550 -0.01653 0.00000 0.00 1.81
1.00000 0.14505 -0.01642 0.00000 0.00 1.81
1.00000 0.14460 -0.01631 0.00000 0.00 1.81
1.00000 0.14415 -0.01620 0.00000 0.00 1.82
1.00000 0.14371 -0.01609 0.00000 0.00 1.82
1.00000 0.14327 -0.01599 0.00000 0.00 1.82
1.00000 0.14283 -0.01588 0.00000 0.00 1.83
1.00000 0.14239 -0.01578 0.00000 0.00 1.83
1.00000 0.14196 -0.01568 0.00000 0.00 1.83
1.00000 0.14152 -0.01557 0.00000 0.00 1.83
1.00000 0.14109 -0.01547 0.00000 0.00 1.84
1.00000 0.14066 -0.01537 0.00000 0.00 1.84
1.00000 0.14023 -0.01527 0.00000 0.00 1.84
1.00000 0.13981 -0.01517 0.00000 0.00 1.85
1.00000 0.13938 -0.01507 0.00000 0.00 1.85
1.00000 0.13896 -0.01497 0.00000 0.00 1.85
1.00000 0.13854 -0.01488 0.00000 0.00 1.86
1.00000 0.13812 -0.01478 0.00000 0.00 1.86
1.00000 0.13770 -0.01469 0.00000 0.00 1.86
1.00000 0.13729 -0.01459 0.00000 0.00 1.86
1.00000 0.13687 -0.01450 0.00000 0.00 1.87
1.00000 0.13646 -0.01440 0.00000 0.00 1.87
1.00000 0.13605 -0.01431 0.00000 0.00 1.87
1.00000 0.13564 -0.01422 0.00000 0.00 1.88
1.00000 0.13524 -0.01413 0.00000 0.00 1.88
1.00000 0.13483 -0.01404 0.00000 0.00 1.88
1.00000 0.13443 -0.01395 0.00000 0.00 1.89
1.00000 0.13403 -0.01386 0.00000 0.00 1.89
1.00000 0.13363 -0.01377 0.00000 0.00 1.89
1.00000 0.13323 -0.01368 0.00000 0.00 1.89
1.00000 0.13284 -0.01360 0.00000 0.00 1.90
1.00000 0.13244 -0.01351 0.00000 0.00 1.90
1.00000 0.13205 -0.01343 0.00000 0.00 1.90
1.00000 0.13166 -0.01334 0.00000 0.00 1.91
1.00000 0.13127 -0.01326 0.00000 0.00 1.91
1.00000 0.13088 -0.01317 0.00000 0.00 1.91
1.00000 0.13049 -0.01309 0.00000 0.00 1.92
1.00000 0.13011 -0.01301 0.00000 0.00 1.92
1.00000 0.12973 -0.01293 0.00000 0.00 1.92
1.00000 0.12935 -0.01285 0.00000 0.00 1.92
1.00000 0.12897 -0.01277 0.00000 0.00 1.93
1.00000 0.12859 -0.01269 0.00000 0.00 1.93
1.00000 0.12821 -0.01261 0.00000 0.00 1.93
1.00000 0.12784 -0.01253 0.00000 0.00 1.94
1.00000 0.12746 -0.01245 0.00000 0.00 1.94
1.00000 0.12709 -0.01238 0.00000 0.00 1.94
1.00000 0.12672 -0.01230 0.00000 0.00 1.95
1.00000 0.12635 -0.01222 0.00000 0.00 1.95
1.00000 0.12599 -0.01215 0.00000 0.00 1.95
1.00000 0.12562 -0.01207 0.00000 0.00 1.95
1.00000 0.12526 -0.01200 0.00000 0.00 1.96
1.00000 0.12489 -0.01193 0.00000 0.00 1.96
1.00000 0.12453 -0.01185 0.00000 0.00 1.96
1.00000 0.12417 -0.01178 0.00000 0.00 1.97
1.00000 0.12382 -0.01171 0.00000 0.00 1.97
1.00000 0.12346 -0.01164 0.00000 0.00 1.97
1.00000 0.12310 -0.01157 0.00000 0.00 1.98
1.00000 0.12275 -0.01150 0.00000 0.00 1.98
1.00000 0.12240 -0.01143 0.00000 0.00 1.98
1.00000 0.12205 -0.01136 0.00000 0.00 1.98
1.00000 0.12170 -0.01129 0.00000 0.00 1.99
1.00000 0.12135 -0.01122 0.00000 0.00 1.99
1.00000 0.12100 -0.01115 0.00000 0.00 1.99
1.00000 0.12066 -0.01108 0.00000 0.00 2.00
1.00000 0.12032 -0.01102 0.00000 0.00 2.00
1.00000 0.11997 -0.01095 0.00000 0.00 2.00
1.00000 0.11963 -0.01089 0.00000 0.00 2.00
1.00000 0.11929 -0.01082 0.00000 0.00 2.01
1.00000 0.11896 -0.01076 0.00000 0.00 2.01
1.00000 0.11862 -0.01069 0.00000 0.00 2.01
1.00000 0.11828 -0.01063 0.00000 0.00 2.02
1.00000 0.11795 -0.01056 0.00000 0.00 2.02
1.00000 0.11762 -0.01050 0.00000 0.00 2.02
1.00000 0.11729 -0.01044 0.00000 0.00 2.03
1.00000 0.11696 -0.01038 0.00000 0.00 2.03
1.00000 0.11663 -0.01032 0.00000 0.00 2.03
1.00000 0.11630 -0.01025 0.00000 0.00 2.04
1.00000 0.11598 -0.01019 0.00000 0.00 2.04
1.00000 0.11565 -0.01013 0.00000 0.00 2.04
1.00000 0.11533 -0.01007 0.00000 0.00 2.04
1.00000 0.11501 -0.01001 0.00000 0.00 2.05
1.00000 0.11469 -0.00996 0.00000 0.00 2.05
1.00000 0.11437 -0.00990 0.00000 0.00 2.05
1.00000 0.11405 -0.00984 0.00000 0.00 2.06
1.00000 0.11373 -0.00978 0.00000 0.00 2.06
1.00000 0.11342 -0.00972 0.00000 0.00 2.06
1.00000 0.11310 -0.00967 0.00000 0.00 2.06
1.00000 0.11279 -0.00961 0.00000 0.00 2.07
1.00000 0.11248 -0.00956 0.00000 0.00 2.07
1.00000 0.11217 -0.00950 0.00000 0.00 2.07
1.00000 0.11186 -0.00944 0.00000 0.00 2.08
1.00000 0.11155 -0.00939 0.00000 0.00 2.08
1.00000 0.11125 -0.00934 0.00000 0.00 2.08
1.00000 0.11094 -0.00928 0.00000 0.00 2.09
1.00000 0.11064 -0.00923 0.00000 0.00 2.09
1.00000 0.11033 -0.00918 0.00000 0.00 2.09
1.00000 0.11003 -0.00912 0.00000 0.00 2.10
1.00000 0.10973 -0.00907 0.00000 0.00 2.10
1.00000 0.10943 -0.00902 0.00000 0.00 2.10
1.00000 0.10913 -0.00897 0.00000 0.00 2.10
1.00000 0.10884 -0.00892 0.00000 0.00 2.11
1.00000 0.10854 -0.00886 0.00000 0.00 2.11
1.00000 0.10825 -0.00881 0.00000 0.00 2.11
1.00000 0.10795 -0.00876 0.00000 0.00 2.12
1.00000 0.10766 -0.00871 0.00000 0.00 2.12
1.00000 0.10737 -0.00866 0.00000 0.00 2.12
1.00000 0.10708 -0.00862 0.00000 0.00 2.12
1.00000 0.10679 -0.00857 0.00000 0.00 2.13
1.00000 0.10650 -0.00852 0.00000 0.00 2.13
1.00000 0.10622 -0.00847 0.00000 0.00 2.13
1.00000 0.10593 -0.00842 0.00000 0.00 2.14
1.00000 0.10565 -0.00837 0.00000 0.00 2.14
1.00000 0.10536 -0.00833 0.00000 0.00 2.14
1.00000 0.10508 -0.00828 0.00000 0.00 2.15
1.00000 0.10480 -0.00823 0.00000 0.00 2.15
1.00000 0.10452 -0.00819 0.00000 0.00 2.15
1.00000 0.10424 -0.00814 0.00000 0.00 2.16
1.00000 0.10396 -0.00810 0.00000 0.00 2.16
1.00000 0.10369 -0.00805 0.00000 0.00 2.16
1.00000 0.10341 -0.00801 0.00000 0.00 2.16
1.00000 0.10314 -0.00796 0.00000 0.00 2.17
1.00000 0.10286 -0.00792 0.00000 0.00 2.17
1.00000 0.10259 -0.00787 0.00000 0.00 2.17
1.00000 0.10232 -0.00783 0.00000 0.00 2.18
1.00000 0.10205 -0.00779 0.00000 0.00 2.18
1.00000 0.10178 -0.00774 0.00000 0.00 2.18
1.00000 0.10151 -0.00770 0.00000 0.00 2.19
1.00000 0.10125 -0.00766 0.00000 0.00 2.19
1.00000 0.10098 -0.00762 0.00000 0.00 2.19
1.00000 0.10071 -0.00758 0.00000 0.00 2.19
1.00000 0.10045 -0.00753 0.00000 0.00 2.20
1.00000 0.10019 -0.00749 0.00000 0.00 2.20
1.00000 0.09992 -0.00745 0.00000 0.00 2.20
1.00000 0.09966 -0.00741 0.00000 0.00 2.21
1.00000 0.09940 -0.00737 0.00000 0.00 2.21
1.00000 0.09914 -0.00733 0.00000 0.00 2.21
1.00000 0.09889 -0.00729 0.00000 0.00 2.22
1.00000 0.09863 -0.00725 0.00000 0.00 2.22
1.00000 0.09837 -0.00721 0.00000 0.00 2.22
1.00000 0.09812 -0.00717 0.00000 0.00 2.22
1.00000 0.09786 -0.00713 0.00000 0.00 2.23
1.00000 0.09761 -0.00709 0.00000 0.00 2.23
1.00000 0.09736 -0.00706 0.00000 0.00 2.23
1.00000 0.09711 -0.00702 0.00000 0.00 2.24
1.00000 0.09686 -0.00698 0.00000 0.00 2.24
1.00000 0.09661 -0.00694 0.00000 0.00 2.24
1.00000 0.09636 -0.00691 0.00000 0.00 2.25
1.00000 0.09611 -0.00687 0.00000 0.00 2.25
1.00000 0.09586 -0.00683 0.00000 0.00 2.25
1.00000 0.09562 -0.00680 0.00000 0.00 2.25
1.00000 0.09537 -0.00676 0.00000 0.00 2.26
1.00000 0.09513 -0.00672 0.00000 0.00 2.26
1.00000 0.09489 -0.00669 0.00000 0.00 2.26
1.00000 0.09464 -0.00665 0.00000 0.00 2.27
1.00000 0.09440 -0.00662 0.00000 0.00 2.27
1.00000 0.09416 -0.00658 0.00000 0.00 2.27
1.00000 0.09392 -0.00655 0.00000 0.00 2.28
1.00000 0.09368 -0.00651 0.00000 0.00 2.28
1.00000 0.09345 -0.00648 0.00000 0.00 2.28
1.00000 0.09321 -0.00644 0.00000 0.00 2.28
1.00000 0.09297 -0.00641 0.00000 0.00 2.29
1.00000 0.09274 -0.00638 0.00000 0.00 2.29
1.00000 0.09251 -0.00634 0.00000 0.00 2.29
1.00000 0.09227 -0.00631 0.00000 0.00 2.30
1.00000 0.09204 -0.00628 0.00000 0.00 2.30
1.00000 0.09181 -0.00624 0.00000 0.00 2.30
1.00000 0.09158 -0.00621 0.00000 0.00 2.31
1.00000 0.09135 -0.00618 0.00000 0.00 2.31
1.00000 0.09112 -0.00615 0.00000 0.00 2.31
1.00000 0.09089 -0.00611 0.00000 0.00 2.31
1.00000 0.09066 -0.00608 0.00000 0.00 2.32
1.00000 0.09044 -0.00605 0.00000 0.00 2.32
1.00000 0.09021 -0.00602 0.00000 0.00 2.32
1.00000 0.08999 -0.00599 0.00000 0.00 2.33
1.00000 0.08976 -0.00596 0.00000 0.00 2.33
1.00000 0.08954 -0.00593 0.00000 0.00 2.33
1.00000 0.08932 -0.00590 0.00000 0.00 2.33
1.00000 0.08910 -0.00586 0.00000 0.00 2.34
1.00000 0.08887 -0.00583 0.00000 0.00 2.34
1.00000 0.08865 -0.00580 0.00000 0.00 2.34
1.00000 0.08844 -0.00577 0.00000 0.00 2.35
1.00000 0.08822 -0.00574 0.00000 0.00 2.35
1.00000 0.08800 -0.00572 0.00000 0.00 2.35
1.00000 0.08778 -0.00569 0.00000 0.00 2.36
1.00000 0.08757 -0.00566 0.00000 0.00 2.36
1.00000 0.08735 -0.00563 0.00000 0.00 2.36
1.00000 0.08714 -0.00560 0.00000 0.00 2.37
1.00000 0.08692 -0.00557 0.00000 0.00 2.37
1.00000 0.08671 -0.00554 0.00000 0.00 2.37
1.00000 0.08650 -0.00551 0.00000 0.00 2.37
1.00000 0.08629 -0.00549 0.00000 0.00 2.38
1.00000 0.08608 -0.00546 0.00000 0.00 2.38
1.00000 0.08587 -0.00543 0.00000 0.00 2.38
1.00000 0.08566 -0.00540 0.00000 0.00 2.39
1.00000 0.08545 -0.00538 0.00000 0.00 2.39
1.00000 0.08524 -0.00535 0.00000 0.00 2.39
1.00000 0.08503 -0.00532 0.00000 0.00 2.40
1.00000 0.08483 -0.00530 0.00000 0.00 2.40
1.00000 0.08462 -0.00527 0.00000 0.00 2.40
1.00000 0.08442 -0.00524 0.00000 0.00 2.40
1.00000 0.08421 -0.00522 0.00000 0.00 2.41
1.00000 0.08401 -0.00519 0.00000 0.00 2.41
1.00000 0.08381 -0.00516 0.00000 0.00 2.41
1.00000 0.08361 -0.00514 0.00000 0.00 2.42
1.00000 0.08341 -0.00511 0.00000 0.00 2.42
1.00000 0.08321 -0.00509 0.00000 0.00 2.42
1.00000 0.08301 -0.00506 0.00000 0.00 2.43
1.00000 0.08281 -0.00504 0.00000 0.00 2.43
1.00000 0.08261 -0.00501 0.00000 0.00 2.43
1.00000 0.08241 -0.00499 0.00000 0.00 2.43
1.00000 0.08221 -0.00496 0.00000 0.00 2.44
1.00000 0.08202 -0.00494 0.00000 0.00 2.44
1.00000 0.08182 -0.00491 0.00000 0.00 2.44
1.00000 0.08163 -0.00489 0.00000 0.00 2.45
1.00000 0.08143 -0.00487 0.00000 0.00 2.45
1.00000 0.08124 -0.00484 0.00000 0.00 2.45
1.00000 0.08105 -0.00482 0.00000 0.00 2.46
1.00000 0.08086 -0.00479 0.00000 0.00 2.46
1.00000 0.08066 -0.00477 0.00000 0.00 2.46
1.00000 0.08047 -0.00475 0.00000 0.00 2.46
1.00000 0.08028 -0.00472 0.00000 0.00 2.47
1.00000 0.08009 -0.00470 0.00000 0.00 2.47
1.00000 0.07991 -0.00468 0.00000 0.00 2.47
1.00000 0.07972 -0.00466 0.00000 0.00 2.48
1.00000 0.07953 -0.00463 0.00000 0.00 2.48
1.00000 0.07934 -0.00461 0.00000 0.00 2.48
1.00000 0.07916 -0.00459 0.00000 0.00 2.49
1.00000 0.07897 -0.00457 0.00000 0.00 2.49
1.00000 0.07879 -0.00454 0.00000 0.00 2.49
1.00000 0.07860 -0.00452 0.00000 0.00 2.49
1.00000 0.07842 -0.00450 0.00000 0.00 2.50
1.00000 0.07824 -0.00448 0.00000 0.00 2.50
1.00000 0.07805 -0.00446 0.00000 0.00 2.50
1.00000 0.07787 -0.00443 0.00000 0.00 2.51
1.00000 0.07769 -0.00441 0.00000 0.00 2.51
1.00000 0.07751 -0.00439 0.00000 0.00 2.51
1.00000 0.07733 -0.00437 0.00000 0.00 2.52
1.00000 0.07715 -0.00435 0.00000 0.00 2.52
1.00000 0.07697 -0.00433 0.00000 0.00 2.52
1.00000 0.07679 -0.00431 0.00000 0.00 2.52
1.00000 0.07662 -0.00429 0.00000 0.00 2.53
1.00000 0.07644 -0.00427 0.00000 0.00 2.53
1.00000 0.07626 -0.00425 0.00000 0.00 2.53
1.00000 0.07609 -0.00423 0.00000 0.00 2.54
1.00000 0.07591 -0.00421 0.00000 0.00 2.54
1.00000 0.07574 -0.00419 0.00000 0.00 2.54
1.00000 0.07557 -0.00417 0.00000 0.00 2.54
1.00000 0.07539 -0.00415 0.00000 0.00 2.55
1.00000 0.07522 -0.00413 0.00000 0.00 2.55
1.00000 0.07505 -0.00411 0.00000 0.00 2.55
1.00000 0.07488 -0.00409 0.00000 0.00 2.56
1.00000 0.07471 -0.00407 0.00000 0.00 2.56
1.00000 0.07453 -0.00405 0.00000 0.00 2.56
1.00000 0.07436 -0.00403 0.00000 0.00 2.57
1.00000 0.07420 -0.00401 0.00000 0.00 2.57
1.00000 0.07403 -0.00399 0.00000 0.00 2.57
1.00000 0.07386 -0.00398 0.00000 0.00 2.58
1.00000 0.07369 -0.00396 0.00000 0.00 2.58
1.00000 0.07352 -0.00394 0.00000 0.00 2.58
1.00000 0.07336 -0.00392 0.00000 0.00 2.58
1.00000 0.07319 -0.00390 0.00000 0.00 2.59
1.00000 0.07303 -0.00388 0.00000 0.00 2.59
1.00000 0.07286 -0.00387 0.00000 0.00 2.59
1.00000 0.07270 -0.00385 0.00000 0.00 2.60
1.00000 0.07253 -0.00383 0.00000 0.00 2.60
1.00000 0.07237 -0.00381 0.00000 0.00 2.60
1.00000 0.07221 -0.00379 0.00000 0.00 2.60
1.00000 0.07205 -0.00378 0.00000 0.00 2.61
1.00000 0.07189 -0.00376 0.00000 0.00 2.61
1.00000 0.07172 -0.00374 0.00000 0.00 2.61
1.00000 0.07156 -0.00372 0.00000 0.00 2.62
1.00000 0.07140 -0.00371 0.00000 0.00 2.62
1.00000 0.07125 -0.00369 0.00000 0.00 2.62
1.00000 0.07109 -0.00367 0.00000 0.00 2.63
1.00000 0.07093 -0.00366 0.00000 0.00 2.63
1.00000 0.07077 -0.00364 0.00000 0.00 2.63
1.00000 0.07061 -0.00362 0.00000 0.00 2.64
1.00000 0.07046 -0.00361 0.00000 0.00 2.64
1.00000 0.07030 -0.00359 0.00000 0.00 2.64
1.00000 0.07014 -0.00357 0.00000 0.00 2.64
1.00000 0.06999 -0.00356 0.00000 0.00 2.65
1.00000 0.06983 -0.00354 0.00000 0.00 2.65
1.00000 0.06968 -0.00353 0.00000 0.00 2.65
1.00000 0.06953 -0.00351 0.00000 0.00 2.66
1.00000 0.06937 -0.00349 0.00000 0.00 2.66
1.00000 0.06922 -0.00348 0.00000 0.00 2.66
1.00000 0.06907 -0.00346 0.00000 0.00 2.67
1.00000 0.06892 -0.00345 0.00000 0.00 2.67
1.00000 0.06877 -0.00343 0.00000 0.00 2.67
1.00000 0.06862 -0.00341 0.00000 0.00 2.67
1.00000 0.06847 -0.00340 0.00000 0.00 2.68
1.00000 0.06832 -0.00338 0.00000 0.00 2.68
1.00000 0.06817 -0.00337 0.00000 0.00 2.68
1.00000 0.06802 -0.00335 0.00000 0.00 2.69
1.00000 0.06787 -0.00334 0.00000 0.00 2.69
1.00000 0.06772 -0.00332 0.00000 0.00 2.69
1.00000 0.06757 -0.00331 0.00000 0.00 2.70
1.00000 0.06743 -0.00329 0.00000 0.00 2.70
1.00000 0.06728 -0.00328 0.00000 0.00 2.70
1.00000 0.06713 -0.00326 0.00000 0.00 2.70
1.00000 0.06699 -0.00325 0.00000 0.00 2.71
1.00000 0.06684 -0.00324 0.00000 0.00 2.71
1.00000 0.06670 -0.00322 0.00000 0.00 2.71
1.00000 0.06656 -0.00321 0.00000 0.00 2.72
1.00000 0.06641 -0.00319 0.00000 0.00 2.72
1.00000 0.06627 -0.00318 0.00000 0.00 2.72
1.00000 0.06613 -0.00316 0.00000 0.00 2.73
1.00000 0.06598 -0.00315 0.00000 0.00 2.73
1.00000 0.06584 -0.00314 0.00000 0.00 2.73
1.00000 0.06570 -0.00312 0.00000 0.00 2.73
1.00000 0.06556 -0.00311 0.00000 0.00 2.74
1.00000 0.06542 -0.00310 0.00000 0.00 2.74
1.00000 0.06528 -0.00308 0.00000 0.00 2.74
1.00000 0.06514 -0.00307 0.00000 0.00 2.75
1.00000 0.06500 -0.00306 0.00000 0.00 2.75
1.00000 0.06486 -0.00304 0.00000 0.00 2.75
1.00000 0.06472 -0.00303 0.00000 0.00 2.76
1.00000 0.06459 -0.00302 0.00000 0.00 2.76
1.00000 0.06445 -0.00300 0.00000 0.00 2.76
1.00000 0.06431 -0.00299 0.00000 0.00 2.76
1.00000 0.06418 -0.00298 0.00000 0.00 2.77
1.00000 0.06404 -0.00296 0.00000 0.00 2.77
1.00000 0.06390 -0.00295 0.00000 0.00 2.77
1.00000 0.06377 -0.00294 0.00000 0.00 2.78
1.00000 0.06363 -0.00292 0.00000 0.00 2.78
1.00000 0.06350 -0.00291 0.00000 0.00 2.78
1.00000 0.06337 -0.00290 0.00000 0.00 2.79
1.00000 0.06323 -0.00289 0.00000 0.00 2.79
1.00000 0.06310 -0.00287 0.00000 0.00 2.79
1.00000 0.06297 -0.00286 0.00000 0.00 2.79
1.00000 0.06283 -0.00285 0.00000 0.00 2.80
1.00000 0.06270 -0.00284 0.00000 0.00 2.80
1.00000 0.06257 -0.00282 0.00000 0.00 2.80
1.00000 0.06244 -0.00281 0.00000 0.00 2.81
1.00000 0.06231 -0.00280 0.00000 0.00 2.81
1.00000 0.06218 -0.00279 0.00000 0.00 2.81
1.00000 0.06205 -0.00278 0.00000 0.00 2.81
1.00000 0.06192 -0.00276 0.00000 0.00 2.82
1.00000 0.06179 -0.00275 0.00000 0.00 2.82
1.00000 0.06166 -0.00274 0.00000 0.00 2.82
1.00000 0.06153 -0.00273 0.00000 0.00 2.83
1.00000 0.06141 -0.00272 0.00000 0.00 2.83
1.00000 0.06128 -0.00271 0.00000 0.00 2.83
1.00000 0.06115 -0.00269 0.00000 0.00 2.84
1.00000 0.06103 -0.00268 0.00000 0.00 2.84
1.00000 0.06090 -0.00267 0.00000 0.00 2.84
1.00000 0.06077 -0.00266 0.00000 0.00 2.85
1.00000 0.06065 -0.00265 0.00000 0.00 2.85
1.00000 0.06052 -0.00264 0.00000 0.00 2.85
1.00000 0.06040 -0.00263 0.00000 0.00 2.85
1.00000 0.06027 -0.00262 0.00000 0.00 2.86
1.00000 0.06015 -0.00260 0.00000 0.00 2.86
1.00000 0.06003 -0.00259 0.00000 0.00 2.86
1.00000 0.05990 -0.00258 0.00000 0.00 2.87
1.00000 0.05978 -0.00257 0.00000 0.00 2.87
1.00000 0.05966 -0.00256 0.00000 0.00 2.87
1.00000 0.05954 -0.00255 0.00000 0.00 2.88
1.00000 0.05941 -0.00254 0.00000 0.00 2.88
1.00000 0.05929 -0.00253 0.00000 0.00 2.88
1.00000 0.05917 -0.00252 0.00000 0.00 2.88
1.00000 0.05905 -0.00251 0.00000 0.00 2.89
1.00000 0.05893 -0.00250 0.00000 0.00 2.89
1.00000 0.05881 -0.00249 0.00000 0.00 2.89
1.00000 0.05869 -0.00248 0.00000 0.00 2.90
1.00000 0.05857 -0.00247 0.00000 0.00 2.90
1.00000 0.05845 -0.00246 0.00000 0.00 2.90
1.00000 0.05833 -0.00245 0.00000 0.00 2.91
1.00000 0.05822 -0.00244 0.00000 0.00 2.91
1.00000 0.05810 -0.00243 0.00000 0.00 2.91
1.00000 0.05798 -0.00242 0.00000 0.00 2.91
1.00000 0.05786 -0.00241 0.00000 0.00 2.92
1.00000 0.05775 -0.00240 0.00000 0.00 2.92
1.00000 0.05763 -0.00239 0.00000 0.00 2.92
1.00000 0.05752 -0.00238 0.00000 0.00 2.93
1.00000 0.05740 -0.00237 0.00000 0.00 2.93
1.00000 0.05728 -0.00236 0.00000 0.00 2.93
1.00000 0.05717 -0.00235 0.00000 0.00 2.94
1.00000 0.05705 -0.00234 0.00000 0.00 2.94
1.00000 0.05694 -0.00233 0.00000 0.00 2.94
1.00000 0.05683 -0.00232 0.00000 0.00 2.94
1.00000 0.05671 -0.00231 0.00000 0.00 2.95
1.00000 0.05660 -0.00230 0.00000 0.00 2.95
1.00000 0.05649 -0.00229 0.00000 0.00 2.95
1.00000 0.05637 -0.00228 0.00000 0.00 2.96
1.00000 0.05626 -0.00227 0.00000 0.00 2.96
1.00000 0.05615 -0.00226 0.00000 0.00 2.96
1.00000 0.05604 -0.00225 0.00000 0.00 2.97
1.00000 0.05593 -0.00224 0.00000 0.00 2.97
1.00000 0.05582 -0.00223 0.00000 0.00 2.97
1.00000 0.05571 -0.00223 0.00000 0.00 2.97
1.00000 0.05560 -0.00222 0.00000 0.00 2.98
1.00000 0.05549 -0.00221 0.00000 0.00 2.98
1.00000 0.05538 -0.00220 0.00000 0.00 2.98
1.00000 0.05527 -0.00219 0.00000 0.00 2.99
1.00000 0.05516 -0.00218 0.00000 0.00 2.99
1.00000 0.05505 -0.00217 0.00000 0.00 2.99
1.00000 0.05494 -0.00216 0.00000 0.00 3.00
1.00000 0.05483 -0.00215 0.00000 0.00 3.00
1.00000 0.05472 -0.00215 0.00000 0.00 3.00
1.00000 0.05462 -0.00214 0.00000 0.00 3.00
1.00000 0.05451 -0.00213 0.00000 0.00 3.01
1.00000 0.05440 -0.00212 0.00000 0.00 3.01
1.00000 0.05430 -0.00211 0.00000 0.00 3.01
1.00000 0.05419 -0.00210 0.00000 0.00 3.02
1.00000 0.05408 -0.00210 0.00000 0.00 3.02
1.00000 0.05398 -0.00209 0.00000 0.00 3.02
1.00000 0.05387 -0.00208 0.00000 0.00 3.03
1.00000 0.05377 -0.00207 0.00000 0.00 3.03
1.00000 0.05366 -0.00206 0.00000 0.00 3.03
1.00000 0.05356 -0.00205 0.00000 0.00 3.03
1.00000 0.05346 -0.00205 0.00000 0.00 3.04
1.00000 0.05335 -0.00204 0.00000 0.00 3.04
1.00000 0.05325 -0.00203 0.00000 0.00 3.04
1.00000 0.05315 -0.00202 0.00000 0.00 3.05
1.00000 0.05304 -0.00201 0.00000 0.00 3.05
1.00000 0.05294 -0.00201 0.00000 0.00 3.05
1.00000 0.05284 -0.00200 0.00000 0.00 3.06
1.00000 0.05274 -0.00199 0.00000 0.00 3.06
1.00000 0.05263 -0.00198 0.00000 0.00 3.06
1.00000 0.05253 -0.00197 0.00000 0.00 3.06
1.00000 0.05243 -0.00197 0.00000 0.00 3.07
1.00000 0.05233 -0.00196 0.00000 0.00 3.07
1.00000 0.05223 -0.00195 0.00000 0.00 3.07
1.00000 0.05213 -0.00194 0.00000 0.00 3.08
1.00000 0.05203 -0.00194 0.00000 0.00 3.08
1.00000 0.05193 -0.00193 0.00000 0.00 3.08
1.00000 0.05183 -0.00192 0.00000 0.00 3.08
1.00000 0.05173 -0.00191 0.00000 0.00 3.09
1.00000 0.05163 -0.00191 0.00000 0.00 3.09
1.00000 0.05154 -0.00190 0.00000 0.00 3.09
1.00000 0.05144 -0.00189 0.00000 0.00 3.10
