//_for_n-Gauss_fit_with_auto-BG_estimation
//_peak____low____high_____fixed?___sigma_____fixed?__hight
138.6     137     139.5     1         2.3         1       5 //Ta
169.4     169     171       1         2.6         1       5 //Ta
292.0     291     293       1         1.5         1       5 //cl
306.4     305     308       1         2.9         1       5 //Ta??
383.7     382     385       1         1.4         1       10 //S
438.4     436     440       1         1.7         1       5  //S
555.4     555     558       1         1.5         1       5  //S*
558.9     558     661       1         1.5         1       5  //S*
638.0     636     639       1         1.6         1       5  //cl
725.2     723     727       1         1.6         1       10 //??
755.9     754     758       1         1.6         1       10 //cl
759.7     758     761       1         1.6         1       10 //S*
774.3     773     778       1         1.6         1       10 //cl
779.8     777     781       1         1.6         1       10 //cl
788.3     787     790       1         1.6         1       10 //S*
809.6     807     811       1         1.6         1       10 //S*
822.0     820     823       1         1.6         1       10 //S*
830.2     828     833       1         1.6         1       10 //S*
844.5     843     846       1         1.9         1       10 //cl
850.1     847     851       1         1.9         1       10 //S
886.6     883     887       1         1.9         1       10 //S*
905.4     903     906       1         2.5         1       10 //??
944.9     942     946       1         2.5         1       10 //??
1019.6    1017    1020      1         2.5         1       10 //S*
1029.9    1028    1032      1         2.5         1       10 //cl
1066.9    1065    1068      1         2.5         1       10 //S*
1134.0    1132    1136      1         2.5         1       10 //contam
1200.4    1198    1203      1         2.5         1       10 //??
1207.0    1203    1208      1         2.5         1       10 //??
1190.0    1188    1192      1         2.5         1       10 //cl
1292.7    1290    1295      1         2.7         1       10 //S*
1312.0    1310    1314      1         2.5         1       10 //cl
1432      1430    1435      1         2.6         1       10 //33P?
1456      1454    1458      1         2.6         1       10 //S*
1500      1498    1505      1         2.7         1       10 //??
1513.1    1510    1515      1         2.7         1       10 //S
1534.5    1533    1536      1         2.7         1       10 //S
1554.3    1552    1556      1         2.7         1       10 //??
1568.7    1566    1572      1         2.7         1       10 //??
1576.7    1575    1578      1         2.6         1       10 //S*
1609.3    1609    1611      1         2.7         1       10 //S*
1617.0    1616    1622      1         2.7         1       10 //S*
1625.4    1622    1628      1         2.7         1       10 //S*
1634.4    1632    1638      1         2.7         1       10 //cl
1642.5    1642    1648      1         2.7         1       10 //cl
1674.5    1672    1678      1         2.8         1       10 //cl
1720.7    1718    1724      1         3.0         1       10 //cl
1811.3    1805    1815      1         3.6         1       10 //??
1828.4    1822    1835      1         3.6         1       10 //??
1846.8    1846    1850      1         3.6         1       10 //??
1950.5    1947    1952      1         3.3         1       10 //S*
2043.4    2040    2050      1         3.6         1       10 //cl
2057.3    2056    2058      1         3.6         1       10 //??
2224.4    2220    2230      1         3.6         1       10 //??
2276.2    2270    2280      1         3.6         1       10 //??
2322.8    2318    2324      1         5.3         1       10 //S*
2332.2    2330    2338      1         4.0         1       10 //??
2364.8    2362    2366      1         3.8         1       10 //S*
2376.2    2375    2382      1         3.8         1       10 //??
2384.7    2384    2388      1         3.8         1       10 //S*
2484.0    2485    2487      1         4.5         1       10 //??
2577.8    2570    2580      1         5.0         1       10 //??
2668.2    2665    2672      1         6.2         1       10 //S*
2681.4    2680    2684      1         4.4         1       10 //??
2804.0    2800    2812      1         4.6         1       10 //??
2824.2    2819    2826      1         5.0         1       10 //??
2973.2    2970    2980      1         5.6         1       10 //cl
3095.7    3090    3097      1         6.8         1       10 //cl
3143.6    3138    3147      1         5.4         1       10 //cl
3319.0    3315    3319      1         4.4         1       10 //??
3551.1    3547    3552      1         5.8         1       10 //cl
